asin,sku,am_soh,am_intransit
-,FBA80006,0,0
0,FBA79430,0,0
B0000C9ZD1,FBA70543,0,0
B0007X9F74,FBA67017,0,0
B0007X9F7E,FBA67015,0,0
B0009SY5RW,FBA67006,0,0
B000R5MIUS,FBA69646,0,0
B000WQINYC,FBA75269,0,0
B0012OQZJS,FBA67005,0,0
B00178494W,FBA67203,0,0
B001J1772I,FBA67928,0,0
B001MCF8LG,FBA69560,0,0
B001QXCYZY,FBK80139,3,0
B001SQLI9C,FBA70548,0,0
B001T6OPZ0,FBA76488,0,0
B002LZUAFM,FBA69556,0,0
B002QF7LZE,FBA66632,0,0
B002U66IEY,FBA78892,0,0
B0035KKR82,FBA76991,0,0
B003L0XGDO,FBA69601,0,0
B003R7JYBY,FBA66635,0,0
B003R7JYDM,FBA70194,0,0
B003R7JYFU,FBA75261,0,0
B00404KCGY,FBA69550,0,0
B0043QMAGE,FBA76885,0,0
B004AJ9WCE,FBA67916,0,0
B004BD0DS6,FBA69543,0,0
B004C5SD58,FBA77086,0,0
B004C5ZVLM,FBA67924,0,0
B004D4S7AY,FBA66636,0,0
B004IYIH22,FBA66645,0,0
B004JVSJAO,FBA69620,0,0
B004L4ODB8,FBA70126,0,0
B004LPOYRA,FBA66629,0,0
B004NBZ5KM,FBA66642,0,0
B004RR7Y6U,FBA66626,0,0
B004X8VOC8,FBA69609,0,0
B0058GP74U,FBA69615,0,0
B0058XWUHA,FBA67266,0,0
B0058Z80QI,FBA74445,0,0
B00596GJE6,FBA76921,0,0
B005CQ8GB2,FBA69647,0,0
B005EHILV4,FBK80140,2,0
B005TIKW6K,FBA77024,0,0
B0064NI860,FBA70521,0,0
B0066T2GAQ,FBA70546,0,0
B0066T2HS2,FBA66650,0,0
B0066T2Y94,FBA66634,0,0
B006IWDWGS,FBA69625,0,0
B00786VY22,FBA69567,0,0
B00786VYGS,FBA66956,0,0
B007D38KAE,FBA69611,0,0
B007E2KII6,FBA77016,0,0
B007GNHF48,FBA71589,0,0
B007GO7BVY,FBA66646,0,0
B007NFGDGK,FBA66970,0,0
B007NM84PQ,FBA66627,0,0
B0085YJ5DG,FBA66952,0,0
B008AXUQ4O,FBA66658,0,0
B008AXYWHQ,FBA66974,0,0
B008MXNXP6,FBA76881,0,0
B0091M4VOE,FBA75440,0,0
B00944CXEY,FBA69614,0,0
B00944CZB0,FBA76498,0,0
B00946P74U,FBA77017,0,0
B0094KMA78,FBA77075,0,0
B0094KMB4U,FBA67828,0,0
B0094KUKOI,FBA71959,0,0
B009AWWAUM,FBA67889,0,0
B009B09XDU,FBA67046,0,0
B009B0AGGS,FBA67004,0,0
B009BEO81I,FBA67797,0,0
B009BEO9DU,FBA67813,0,0
B009BEOAGQ,FBA77087,0,0
B009F1B82Y,FBA75957,0,0
B009LSKPYI,FBA67792,0,0
B009R46YJ6,FBA67008,0,0
B00AAEQIH0,FBA73741,0,0
B00AB4YG0U,FBA69602,0,0
B00AB67JL6,FBA69603,0,0
B00AFTOX86,FBA66653,0,0
B00AFTT7IW,FBA66972,0,0
B00AFTT8KE,FBA66633,0,0
B00AFTTQ8I,FBA66640,0,0
B00AFTTQQ0,FBA66648,0,0
B00AFTUA4C,FBA66660,0,0
B00AG37H8Y,FBA66963,0,0
B00AG44IYY,FBA67836,0,0
B00AG44LBY,FBA69651,0,0
B00AK7SSOS,FBA67926,0,0
B00AMWDOEK,FBA74721,0,0
B00AMWDP5S,FBA67790,0,0
B00ATCCYVM,FBA72011,0,0
B00B164I1Y,FBA66978,0,0
B00B81RVE8,FBA69621,0,0
B00B8EAYJ4,FBA67918,0,0
B00BEU5CTE,FBA74036,0,0
B00BFO9PVK,FBA69613,0,0
B00BFO9WV8,FBA69627,0,0
B00BG5DD98,FBA69555,0,0
B00BPJHLDE,FBA66976,0,0
B00BPJHQ5W,FBA66982,0,0
B00BQPNRFS,FBA66955,0,0
B00C5TJYQ0,FBA67920,0,0
B00C6P7LKE,FBA66957,0,0
B00C6PEIOG,FBA66980,0,0
B00CJ06DYG,FBO77014,0,0
B00CJCNNO2,FBA74341,0,0
B00CKP02P6,FBA69606,0,0
B00CMWR0K2,FBA72002,0,0
B00DH9NPBM,FBA66628,0,0
B00DH9P72C,FBA75142,0,0
B00DNJDEY4,FBA72120,0,0
B00DNJHWF6,FBA69546,0,0
B00DUCIK7U,FBA75260,0,0
B00DUCIMCI,FBA70544,0,0
B00DUCIUDY,FBA70542,0,0
B00DWIRRWQ,FBA69539,0,0
B00DX7TIAU,FBA72024,0,0
B00E1HJ2G6,FBA67919,0,0
B00E4NNCZO,FBA66638,0,0
B00E62HRP4,FBA71963,0,0
B00EAZA6TQ,FBA69467,0,0
B00EIBT418,FBA76953,0,0
B00ENFUCII,FBA75394,0,0
B00EPDAYSG,FBA66967,0,0
B00EVV7YG2,FBA66973,0,0
B00EVV7YGW,FBA66637,0,0
B00EVZ83J0,FBA73952,0,0
B00F5BT8MA,FBA70534,0,0
B00FF8CDSO,FBA66654,0,0
B00FFIGZF6,FBA80172,0,0
B00FL7I1LW,FBA66947,0,0
B00FL7IXV0,FBA66958,0,0
B00FRIACB2,FBA72123,0,0
B00FWPTJXC,FBA76463,0,0
B00FWX7BRK,FBA67796,0,0
B00FWX7DQO,FBA73850,0,0
B00FWXAEAQ,FBA67002,0,0
B00FWXAJBA,FBA67000,0,0
B00FWXB04U,FBA67012,0,0
B00FZDXU9K,FBA67280,0,0
B00FZE1AZU,FBA67267,0,0
B00GFM7000,FBA77025,0,0
B00GN2FXYM,FBA76923,0,0
B00GN3LGA6,FBA72018,0,0
B00GN3LI3Q,FBA67001,0,0
B00GN55XOO,FBA67838,0,0
B00H2P57ZE,FBA74344,0,0
B00H2ZDX00,FBA80093,0,0
B00HG08KX6,FBA66977,0,0
B00HG08M7K,FBA66981,0,0
B00HM6M1MK,FBA66998,0,0
B00HM6M3MI,FBA67009,0,0
B00HRB8AX4,FBA67925,0,0
B00HVBJ6W4,FBA67801,0,0
B00ICNCI9S,FBA76922,0,0
B00IX5SVYG,FBA67852,0,0
B00JGMUJNQ,FBA70533,0,0
B00JKJ5OTE,FBA69552,0,0
B00KBNDYW2,FBA69619,0,0
B00KGTUKFU,FBA66643,0,0
B00KNJCS6C,FBA66945,0,0
B00KNK7UHI,FBA76475,0,0
B00KNQX43G,FBA69634,0,0
B00L400EHE,FBA72034,0,0
B00L400HUS,FBA69581,0,0
B00LNHRL0Q,FBA67016,0,0
B00LO7RPQ0,FBA67151,0,0
B00LO9A0O2,FBA66971,0,0
B00M7NEN1U,FBA66979,0,0
B00M7NEPDG,FBA66965,0,0
B00N1UCVIA,FBA66969,0,0
B00N8LS2G2,FBA69604,0,0
B00N8VDB0Y,FBA75057,0,0
B00NTN8S4A,FBA69578,0,0
B00NTN8VUQ,FBA69577,0,0
B00NTN96LY,FBA72131,0,0
B00NUXM3BS,FBA72085,0,0
B00NV204W8,FBA72005,0,0
B00NVAWTLY,FBA70527,0,0
B00NVBJJH0,FBA67823,0,0
B00NVBZOWY,FBA66649,0,0
B00O4DJ67W,FBA69576,0,0
B00O5TYUQM,FBA73851,0,0
B00OP92E24,FBA69547,0,0
B00PK7UBFC,FBA67917,0,0
B00PW3J8LM,FBA66995,0,0
B00PW3JBWI,FBA70526,0,0
B00PXMUFNC,FBA67254,0,0
B00QHURUBE,FBA80173,0,0
B00R5ZXDR0,FBA67010,0,0
B00RCK3A76,FBA70539,0,0
B00RK4SE5M,FBA70540,0,0
B00ST40QDU,FBA67825,0,0
B00ST4162U,FBA66656,0,0
B00STAYV6C,FBA66968,0,0
B00T76ZELI,FBA66999,0,0
B00TH1M2JU,FBA67019,0,0
B00THM2UDW,FBA70302,0,0
B00UA7S1HW,FBA71049,0,0
B00UA7S8KC,FBA74720,0,0
B00UA7SVOK,FBA71050,0,0
B00UA7UOA4,FBA76891,0,0
B00UA7UTR2,FBA71051,0,0
B00UA7Z3UK,FBA77082,0,0
B00USRHJNQ,FBA67891,0,0
B00V6KZBG6,FBA67268,0,0
B00VATDB10,FBA69542,0,0
B00VB71TVU,FBA66953,0,0
B00VJ8IPG8,FBA69541,0,0
B00VJ8IYAU,FBA75042,0,0
B00WM0CF4A,FBA66964,0,0
B00WM0ORTQ,FBA67799,0,0
B00WM0OSPO,FBA66657,0,0
B00X5EY4BY,FBA71639,0,0
B00X5FKP1Q,FBA76474,0,0
B00YC00K4A,FBA70182,0,0
B00Z52HG6O,FBA77065,0,0
B010FEIQNI,FBA69564,0,0
B011PLQD12,FBA73861,0,0
B012R0QPYU,FBA75347,0,0
B012R0UNAW,FBA69548,0,0
B012RHB1YW,FBA75391,0,0
B012RI2EXS,FBA77012,0,0
B012T1XPMW,FBA72097,0,0
B012WGV2L0,FBA72135,0,0
B012WGV4AO,FBA69557,0,0
B012WGW0IE,FBA67890,0,0
B013WFOHSU,FBA77076,0,0
B013WFOSCK,FBA66946,0,0
B01487C6WA,FBA66651,0,0
B01487C75Q,FBA66668,0,0
B01487C7C4,FBA70789,0,0
B01487C7CO,FBA67803,0,0
B01487CAAS,FBA67804,0,0
B01487CAB2,FBA67816,0,0
B01487CAJE,FBA72033,0,0
B01487CAU8,FBA70551,0,0
B01487YTUM,FBA75076,0,0
B016Q1BZQO,FBA66954,0,0
B016Q1C3SS,FBA69568,0,0
B016Q1CPCM,FBA75015,0,0
B017A7TQWI,FBA67835,0,0
B017AQ5D44,FBA74272,0,0
B017KHZPBY,FBA72094,0,0
B017KHZUZ0,FBA72056,0,0
B017SN1OI8,FBS66987,0,0
B0183NW5H6,FBA75262,0,0
B0183NWFB2,FBA67817,0,0
B01BESQG9K,FBA69605,0,0
B01BM5NTNQ,FBA67793,0,0
B01C8ATRZS,FBA72138,0,0
B01C8AZTIW,FBA66949,0,0
B01C8B04VS,FBA69466,0,0
B01C8B04XG,FBA66950,0,0
B01C8B088M,FBA74917,0,0
B01C8B0BRU,FBA67887,0,0
B01EN0G8AI,FBA62411,0,0
B01ERLMEQU,FBA80175,0,0
B01EUVE61I,FBA73951,0,0
B01F1ZTNCY,FBA66665,0,0
B01GQ9P2J2,FBA75037,0,0
B01GQ9P2MY,FBA77077,0,0
B01GQ9P9DG,FBA77048,0,0
B01GQ9P9OA,FBA73858,0,0
B01GZZYSRO,FBA74251,0,0
B01GZZYSU6,FBA70536,0,0
B01GZZYWCA,FBA77045,0,0
B01GZZYWHU,FBA72049,0,0
B01GZZYZQ8,FBA72023,0,0
B01GZZZ328,FBA69544,0,0
B01GZZZ382,FBA67888,0,0
B01GZZZ39Q,FBA69559,0,0
B01GZZZBK2,FBA74317,0,0
B01ISNU3X4,FBA77113,258,40
B01JLCNIGU,FBA67791,0,0
B01KNME96A,FBA69591,0,0
B01KNMEB1I,FBA67818,0,0
B01KNMEUV4,FBA67815,0,0
B01KNMEVDG,FBA74358,0,0
B01L394FRU,FBA66990,0,0
B01L3AZ5VE,FBA75174,0,0
B01LY6DR8O,FBA76873,0,0
B01LY7C60V,FBA69468,0,0
B01LYKL1VH,FBA70537,0,0
B01LZ639EW,FBA74244,0,0
B01LZ6GN8N,FBA66951,0,0
B01LZSXV6X,FBA70786,0,0
B01LZU0GYY,FBA72105,0,0
B01M0T5DMM,FBA67831,0,0
B01M2AAZL9,FBA67821,0,0
B01M4ONRBC,FBA67795,0,0
B01M5H1PG2,FBA66991,0,0
B01M69R1IC,FBA66992,0,0
B01MCZD65J,FBA66663,0,0
B01MF9EJPG,FBA75707,0,0
B01MF9VM2N,FBA73742,0,0
B01MFDH555,FBA74246,0,0
B01MPYBSOL,FBA67212,0,0
B01MQ1WIGX,FBA66997,0,0
B01MQ5V6ZR,FBA70761,0,0
B01MQVHM1B,FBA72117,0,0
B01MRWWHO1,FBA73672,0,0
B01MSPIQ43,FBA67788,0,0
B01MTUGIPZ,FBA78890,0,0
B01MTYS3BW,FBA69579,0,0
B01MXPTDSJ,FBA67013,0,0
B01MYXWDF4,FBA77018,0,0
B01MZWUN47,FBA72029,0,0
B01N0OXVHS,FBA66959,0,0
B01N0OXZAN,FBA67827,0,0
B01N0Q9DJG,FBA67269,0,0
B01N1QGLXR,FBA66948,0,0
B01N1QGOAO,FBA73859,0,0
B01N2TDV3D,FBA69626,0,0
B01N5DIW23,FBA67923,0,0
B01N6EYLSP,FBA76874,0,0
B01N6EYM1D,FBA67038,0,0
B01N6GPC1Q,FBA76450,0,0
B01N7HNN1H,FBA69599,0,0
B01N9HGVJN,FBA72132,0,0
B06VV55F4K,FBA67137,0,0
B06VV5QB6Q,FBA67811,0,0
B06VVD9TLZ,FBA66993,0,0
B06W2JSJ27,FBA67812,0,0
B06W2JSJ4H,FBA67194,0,0
B06W54VDQ2,FBA74949,0,0
B06W54VK48,FBA66966,0,0
B06W56WS6Y,FBA67011,0,0
B06W9HRTRM,FBA67829,0,0
B06WGR8QWZ,FBA67783,0,0
B06WLKKHZC,FBA66961,0,0
B06X3V4TYV,FBA69540,0,0
B06X6G3RCF,FBA71019,0,0
B06X99JNMF,FBA69585,0,0
B06X9CX15F,FBA67921,0,0
B0711M1823,FBA66986,0,0
B0716SF3DD,FBA66983,0,0
B071F41Y1N,FBA67047,0,0
B071FNGTC8,FBA73860,0,0
B071HPQ35J,FBA67837,0,0
B071HPSF8M,FBA72114,0,0
B071HPSGKS,FBA67824,0,0
B071J8BWHY,FBA72543,0,0
B071J8BWJ4,FBA69563,0,0
B071J8BXGG,FBA69562,0,0
B071L9DL5Q,FBA69644,0,0
B071L9DW6T,FBA67800,0,0
B071NW7CZG,FBA70525,0,0
B071S2KSBX,FBA66641,0,0
B071S2KT8J,FBA67914,0,0
B071VMZ9BF,FBA69649,0,0
B071VPNJLS,FBK62964,0,0
B071XCCK24,FBA69545,0,0
B071Z2TZPF,FBA69648,0,0
B071Z37KMG,FBA69584,0,0
B071Z4V3KJ,FBA72137,0,0
B0721SH7CC,FBA77046,0,0
B0725JPR4Z,FBA67794,0,0
B0725KB82B,FBA69636,0,0
B072868314,FBA69610,0,0
B072BS4FTH,FBA69622,0,0
B072F5J32C,FBA62963,0,0
B072FCZFZB,FBA69600,0,0
B072FTMK5F,FBA67132,0,0
B072FW5KF6,FBA72084,0,0
B072JGRJ4L,FBA76465,0,0
B072KMX18V,FBA69549,0,0
B072M2JFF7,FBA67833,0,0
B072N7NXL9,FBA72139,0,0
B072R6LKV4,FBA74269,0,0
B074CC1M7T,FBA75693,0,0
B074G2DH94,FBA66631,0,0
B074G3F54X,FBA66962,0,0
B074G5GH8J,FBA66630,0,0
B074GDS9CZ,FBA70547,0,0
B074JH1S4J,FBA67777,0,0
B074JHZ3VM,FBA67784,0,0
B074KK39FK,FBA66647,0,0
B074VD6LSN,FBA67776,0,0
B074VFVMY3,FBA67785,0,0
B074VGYKMG,FBA70545,0,0
B074VZVJZ6,FBA67915,0,0
B074W13WTK,FBA69586,0,0
B074W8CSRW,FBA67014,0,0
B074W9WMV5,FBA72007,0,0
B074WBNHBQ,FBA67826,0,0
B074WBSHHC,FBA67018,0,0
B074WBZSQC,FBA69580,0,0
B074WC3NWQ,FBA67020,0,0
B074WCD58M,FBA67007,0,0
B074WCLX6Y,FBA67048,0,0
B074ZBC24F,FBA71728,0,0
B074ZC91CT,FBA67820,0,0
B074ZDQZFX,FBA76489,0,0
B074ZGW4FB,FBA66669,0,0
B074ZGWGS1,FBA66662,0,0
B074ZHN54C,FBA66667,0,0
B074ZHN54T,FBA72545,0,0
B074ZHRPG2,FBA66984,0,0
B074ZHTRNS,FBA67798,0,0
B074ZK2YLD,FBA78885,0,0
B074ZKBCBR,FBA76866,0,0
B074ZKBTDH,FBA67814,0,0
B074ZKNBNJ,FBA74442,0,0
B074ZNMWRB,FBA66994,0,0
B074ZNPSDG,FBA66671,0,0
B074ZPCKYR,FBA72539,0,0
B0755CL4GT,FBA69617,0,0
B0755FW6DV,FBA69616,0,0
B0755G59Y4,FBA69607,0,0
B075759GKH,FBA69650,0,0
B075BDHKJJ,FBA66666,0,0
B075BPKBTM,FBA66672,0,0
B075BQ86PH,FBA66661,0,0
B075NQYFH6,FBA66652,0,0
B075QBTBZS,FBA67807,0,0
B075QDQFB5,FBA66985,0,0
B075QF2X7W,FBA66664,0,0
B075QFF5BV,FBA67805,0,0
B075S4X4MC,FBA77965,0,0
B075S51DF8,FBA67886,0,0
B075S59WZL,FBA69554,0,0
B075V2Z2WF,FBA75070,0,0
B075ZL5K7J,FBA67040,0,0
B0769YW2KN,FBO76876,0,0
B076B2HS49,FBA67780,0,0
B076B2MR5B,FBA71957,0,0
B076B424XK,FBA67779,0,0
B076B43XPJ,FBA67782,0,0
B076B8DQ1F,FBA67781,0,0
B076B8PWSQ,FBA67786,0,0
B076JCLGWG,FBA75161,0,0
B0777297F9,FBA72121,0,0
B0778V3D8T,FBA69566,0,0
B0778V3D8W,FBA67832,0,0
B077916XYL,FBA69565,0,0
B077917B6X,FBA67145,0,0
B07791TSQG,FBA67168,0,0
B07791TSQP,FBA66960,0,0
B07791W384,FBA69569,0,0
B07792F85D,FBA67037,0,0
B077936LF9,FBA67039,0,0
B07794GTVD,FBA67830,0,0
B07794MRGV,FBA72115,0,0
B077C5LFN7,FBA70783,0,0
B077C6NN3Z,FBA72012,0,0
B077C6SPWB,FBA69558,0,0
B077C7FYLX,FBA67922,0,0
B077C7FYLY,FBA74918,0,0
B077C7GBFH,FBA72048,0,0
B077C7HD54,FBA69582,0,0
B077C7RSJ6,FBA69551,0,0
B077C7ZHF2,FBA69553,0,0
B077C82K3Z,FBA69583,0,0
B077SK3R39,FBA69612,0,0
B077SK3XGL,FBA69592,0,0
B077SK5K5C,FBA69624,0,0
B077SMGN4G,FBA69637,0,0
B077SMHQJK,FBA69593,0,0
B077SMHZM5,FBA69642,0,0
B077SMJMMF,FBA66670,0,0
B077SMJP9Z,FBA69631,0,0
B077SMJS3D,FBA67834,0,0
B077SMJZLK,FBA76875,0,0
B077SMQPJ2,FBA67819,0,0
B077SN29FP,FBA72038,0,0
B077SN2KSQ,FBA67810,0,0
B077SN2LNP,FBA67860,0,0
B077SN2R5P,FBA67809,0,0
B077SN2VBN,FBA69666,0,0
B077SSF68T,FBA66659,0,0
B077SSX822,FBA72045,0,0
B077STCH58,FBA67806,0,0
B077STDX4M,FBA67044,0,0
B077STDYKR,FBA67045,0,0
B077SX7CB5,FBA66655,0,0
B077SXDRHY,FBA70763,0,0
B077SXKL5K,FBA69652,0,0
B077SXN4ZY,FBA69641,0,0
B077SZ64Q6,FBA67808,0,0
B077T3YWQ9,FBA74266,0,0
B077T77GPZ,FBA67822,0,0
B077T79LV2,FBA67802,0,0
B077T79LV4,FBA66975,0,0
B0784RB1NY,FBA72540,0,0
B0784T7V2P,FBA69658,0,0
B0784TYP7Y,FBA72039,0,0
B0784V22RR,FBA70762,0,0
B0787XDNTW,FBA69865,0,0
B0788BN4D4,FBA67294,0,0
B0788DL69Z,FBA76880,0,0
B0788L1TSD,FBA69608,0,0
B078C8VYFH,FBA66996,0,0
B078C9288W,FBA66644,0,0
B078HT4P17,FBA72134,0,0
B078J415XH,FBA67787,0,0
B078J5ZSXL,FBA67789,0,0
B078JQ33SM,FBA79712,2,0
B078WNW4YW,FBA77117,76,22
B078XY2KLG,FBA74767,0,0
B078Y2PJL4,FBA74728,0,0
B079D8QRRH,FBA67235,0,0
B079D8QRRL,FBO67237,0,0
B079D9CFG9,FBA67248,0,0
B079D9DDFY,FBA67241,0,0
B079D9DLDG,FBA69643,0,0
B079D9MCX1,FBA67253,0,0
B079D9Q8GQ,FBA70764,0,0
B079D9QJ32,FBA69653,0,0
B079D9T4LC,FBA69660,0,0
B079D9VSZD,FBA67240,0,0
B079D9VW4J,FBA67245,0,0
B079DB5XTG,FBA67238,0,0
B079DB981P,FBA67242,0,0
B079DBBP5B,FBA69661,0,0
B079DBC6GJ,FBA67041,0,0
B079DBFQZX,FBA69657,0,0
B079DBLXPQ,FBA69640,0,0
B079DBMQC6,FBA69659,0,0
B079DBNG7X,FBA69632,0,0
B079DBNG86,FBA67239,0,0
B079DBR9H7,FBA69639,0,0
B079DBRQR7,FBA69594,0,0
B079DBTHRC,FBA69655,0,0
B079DBWW5S,FBA69663,0,0
B079DBX2M6,FBA67236,0,0
B079DC27J5,FBA75146,0,0
B079DCDYF6,FBA69633,0,0
B079DCG6HN,FBA67243,0,0
B079DCNT16,FBA69664,0,0
B079DCP136,FBA69638,0,0
B079DCPDHS,FBA67042,0,0
B079DCRYTC,FBA69662,0,0
B079DCS18L,FBA69654,0,0
B079DCSFF6,FBA69645,0,0
B079DCWCF9,FBA69656,0,0
B079DCYRQN,FBA69635,0,0
B079DD13WB,FBA67043,0,0
B079DDF9Z2,FBA67247,0,0
B079DDFF83,FBA67874,0,0
B079DDFF86,FBA69665,0,0
B079DDMCY6,FBA67246,0,0
B079G2JFYC,FBA67309,0,0
B079G2YLXJ,FBA67315,0,0
B079G4M29B,FBA67308,0,0
B079H8YQW7,FBA67306,0,0
B079HCY3KV,FBA67296,0,0
B079HF6BL3,FBA69618,0,0
B079HJRCD2,FBA69623,0,0
B079XB5RXH,FBA74257,0,0
B079XBN4YR,FBA69628,0,0
B07B4SG1VZ,FBA70776,0,0
B07C2T5HHY,FBA67895,0,0
B07C2TCN53,FBA67894,0,0
B07C347Y9M,FBA67896,0,0
B07C348BDH,FBA67162,0,0
B07C36BX83,FBA67163,0,0
B07C36DJ4F,FBA69571,0,0
B07C36KB7F,FBA67165,0,0
B07C37QBR2,FBA67171,0,0
B07C37VFTB,FBA67161,0,0
B07CC2PCKK,FBA67164,0,0
B07CC2RLMK,FBA67899,0,0
B07CC2RVNK,FBA69570,0,0
B07CC2SB3S,FBA67892,0,0
B07CC2SB42,FBA67893,0,0
B07CG9Q1G7,FBA67941,0,0
B07CGB3LQG,FBA67937,0,0
B07CGBJXTQ,FBA67936,0,0
B07CGFH7WG,FBA67934,0,0
B07CGFMYXY,FBA67946,0,0
B07CGHS8L4,FBA67947,0,0
B07CGJ8T9N,FBA69596,0,0
B07CGN1LTF,FBA67939,0,0
B07CGN1LTH,FBA67935,0,0
B07CGNQTND,FBA67944,0,0
B07CGP4MQ9,FBA67940,0,0
B07CGQTC7V,FBA67950,0,0
B07CGQTK59,FBA67948,0,0
B07CGRCJG3,FBA69598,0,0
B07CGRYMHH,FBA67945,0,0
B07CGSKH4R,FBA67943,0,0
B07CGTW2F7,FBA67938,0,0
B07CH1K5BH,FBA69597,0,0
B07CHLFFLH,FBA72027,0,0
B07CHMPVV7,FBA72127,0,0
B07CHNQG6H,FBA72136,0,0
B07CHQBKZM,FBA69589,0,0
B07CHTGBKX,FBA67933,0,0
B07CJDP3LP,FBA67863,0,0
B07CJH1M7R,FBA69669,0,0
B07CJH7XQF,FBA67873,0,0
B07CJKCYK2,FBA67867,0,0
B07CJKJ3R1,FBA67880,0,0
B07CJKN6H2,FBA67865,0,0
B07CJKQYS4,FBA67883,0,0
B07CJKR844,FBA67881,0,0
B07CJKWK6J,FBA72047,0,0
B07CJKWPLN,FBA67876,0,0
B07CJPHXCC,FBA67866,0,0
B07CJPJDNP,FBA67882,0,0
B07CJPJF3Z,FBA69668,0,0
B07CJPN6NN,FBA67869,0,0
B07CJPNBWW,FBA67872,0,0
B07CJPNC13,FBA67864,0,0
B07CJPNMVF,FBA69667,0,0
B07CJRJSR8,FBA69629,0,0
B07CJRJTCN,FBA67862,0,0
B07CJV4DWT,FBA69590,0,0
B07CK1WQV1,FBA69630,0,0
B07CK3966Z,FBA67875,0,0
B07CK4LKDB,FBA67879,0,0
B07CK5KM1P,FBA67871,0,0
B07CK868N2,FBA67877,0,0
B07CK8TNQT,FBA67870,0,0
B07CK8ZS5Y,FBA67884,0,0
B07CKB4Z2R,FBA67885,0,0
B07CKCVPHX,FBA67878,0,0
B07CNSH64C,FBA67310,0,0
B07CPYLC61,FBA67311,0,0
B07CS698C7,FBA67942,0,0
B07CSNG8XL,FBA69595,0,0
B07CVJLL6D,FBA67169,0,0
B07CVNB7Q2,FBA72542,0,0
B07DMNFKMN,FBA77049,0,0
B07DMQ2SWB,FBA67851,0,0
B07DMQGSTT,FBA67853,0,0
B07DQZH1KT,FBA69778,0,0
B07DR48DJT,FBA69779,0,0
B07DR6D2KH,FBA67949,0,0
B07FB26JLG,FBA72026,0,0
B07FB26JLM,FBA69574,0,0
B07FB288NS,FBA67856,0,0
B07FB2QHNT,FBA72010,0,0
B07FB475MN,FBA70732,0,0
B07FB48PPB,FBA67857,0,0
B07FB4BZ66,FBA71648,0,0
B07FB4GZQC,FBA72541,0,0
B07FB4GZQD,FBA67858,0,0
B07FB4T7KK,FBA70529,0,0
B07FB4ZP34,FBA69573,0,0
B07FB4ZP35,FBA67854,0,0
B07FB5DNKJ,FBA69587,0,0
B07FB7GH6G,FBA69572,0,0
B07FB7JJV5,FBA70451,0,0
B07FB7ZQ97,FBA69588,0,0
B07FBD8J9Z,FBA67859,0,0
B07FBD8JBB,FBA70549,0,0
B07FJNG6HC,FBA69575,0,0
B07FZK1RMN,FBA72053,0,0
B07G15WC9F,FBA72046,0,0
B07G16RP77,FBA71982,0,0
B07G16VNQN,FBA71973,0,0
B07G171ZT1,FBA70532,0,0
B07G17FCV1,FBA70531,0,0
B07G17Z8ZR,FBA71976,0,0
B07G188211,FBA70756,0,0
B07G188YYP,FBA71974,0,0
B07G189627,FBA75162,0,0
B07G29KWN2,FBA70523,0,0
B07G29R8P7,FBA70452,0,0
B07G2BDFGD,FBA70731,0,0
B07G2C9V9X,FBA70778,0,0
B07G2CW7JN,FBA70453,0,0
B07G2DD9GZ,FBA70535,0,0
B07G2F1LKX,FBA71964,0,0
B07G2F8LMT,FBA71278,0,0
B07G2FMQ8V,FBA70729,0,0
B07G2FV2RY,FBA71968,0,0
B07G2GHB9D,FBA71731,0,0
B07G2GJVXB,FBA70530,0,0
B07G2HQ673,FBA70528,0,0
B07G2LDWWY,FBA70730,0,0
B07G2MXH6H,FBA71967,0,0
B07G2V11GD,FBA70524,0,0
B07G8VDPBQ,FBA67908,0,0
B07G8W6HTQ,FBA67907,0,0
B07G9GG8XD,FBA71983,0,0
B07G9GL25N,FBA67903,0,0
B07G9H9R7D,FBA70804,0,0
B07G9QNY9V,FBA70456,0,0
B07G9QNYBD,FBA70455,0,0
B07G9QRC27,FBA67906,0,0
B07G9QRC4L,FBA71183,0,0
B07G9RW9L8,FBA67900,0,0
B07G9RWBZC,FBA70458,0,0
B07G9VY57S,FBA70457,0,0
B07G9ZHV37,FBA67902,0,0
B07GB2Z377,FBA70454,0,0
B07GB324YK,FBA71182,0,0
B07GDBMJPL,FBA71018,0,0
B07GDBMKGS,FBA69561,0,0
B07GDMS143,FBA76378,0,0
B07GDPFDH9,FBA67911,0,0
B07GFJCRNG,FBA67868,0,0
B07GG4G2S4,FBA70757,0,0
B07GVGMW59,FBK77102,33,9
B07H41G789,FBA72142,0,0
B07H4ZMTML,FBA74719,0,0
B07HB63FML,FBA71372,0,0
B07HBDTYHK,FBA71369,0,0
B07HBDXTYX,FBA71367,0,0
B07HBGBHCF,FBA71370,0,0
B07HBGGCBP,FBA71288,0,0
B07HBNZGND,FBA71289,0,0
B07HBP9BVD,FBA71371,0,0
B07HCDYN9N,FBA71368,0,0
B07J5K287S,FBA76987,0,0
B07JMYG6LF,FBA77100,0,0
B07JNK3HHH,FBA73755,0,0
B07K7F4YM3,FBA70802,0,0
B07K7F4YP9,FBA72054,0,0
B07K7FMW31,FBA70450,0,0
B07K7H8M3P,FBA71985,0,0
B07K7HD86W,FBA71984,0,0
B07K7HGM5S,FBA70728,0,0
B07K7HPP6K,FBA72003,0,0
B07K7HRFNC,FBA70538,0,0
B07K7K73MK,FBA70798,0,0
B07K7K7SD6,FBA70449,0,0
B07K7KLF1T,FBA72052,0,0
B07KB3GPB2,FBA72086,0,0
B07KB3M7FR,FBA76871,0,0
B07KB6LGFC,FBA70541,0,0
B07L453V36,FBA70771,0,0
B07L45ZL8V,FBA75019,0,0
B07L465NGB,FBA72017,0,0
B07L465NGF,FBA70768,0,0
B07L6LYLJM,FBA72009,0,0
B07L6MQ1S8,FBA70720,0,0
B07L6MRL1D,FBA70724,0,0
B07L6MRWGQ,FBA71979,0,0
B07L6MRWGX,FBA70726,0,0
B07L6MRZHZ,FBA70723,0,0
B07L6WX24X,FBA72055,0,0
B07L6YDL37,FBA70725,0,0
B07L6YFPWZ,FBA70722,0,0
B07L6YFPX2,FBA70721,0,0
B07M5XWY72,FBA72042,0,0
B07M6JYVJ9,FBA75180,0,0
B07M6YDLZZ,FBA72141,0,0
B07M6ZSZDR,FBA72116,0,0
B07M77D5KV,FBA76898,0,0
B07M7P7VLX,FBA70769,0,0
B07M7P8H4V,FBA70803,0,0
B07M9P85GZ,FBA72043,0,0
B07M9P8F4H,FBA72041,0,0
B07MBGGVVF,FBA71980,0,0
B07MBGHG6N,FBA70826,0,0
B07MBPMYW5,FBA72032,0,0
B07MBQFHMF,FBA72031,0,0
B07MCD3YX6,FBA75460,0,0
B07MCD41BR,FBA72014,0,0
B07MD943BX,FBA71972,0,0
B07MD97CPH,FBA71969,0,0
B07MDW1498,FBA75459,0,0
B07MF39M4Z,FBA70800,0,0
B07MFWPTVQ,FBA74247,0,0
B07MFZ6S2Q,FBA70774,0,0
B07MFZ75HN,FBA70801,0,0
B07MFZ79K1,FBA72544,0,0
B07MGVSHNF,FBA72036,0,0
B07MGVTY9V,FBA72019,0,0
B07MH7L6G8,FBI76419,0,0
B07MHM832S,FBA70799,0,0
B07MHSSB4G,FBA72035,0,0
B07MHXJMW7,FBA76924,0,0
B07MJHY39D,FBA77091,0,0
B07MJLFR4K,FBA77028,0,0
B07MJLJXTZ,FBA71966,0,0
B07MKH2GFD,FBA72040,0,0
B07MLF86TH,FBA72126,0,0
B07MM5MH6F,FBA70827,0,0
B07MM5NFFX,FBA71277,0,0
B07MM5TNZY,FBA71279,0,0
B07MMYCFCL,FBA77083,0,0
B07MN2G6XK,FBA75367,0,0
B07MNPY1LG,FBA72013,0,0
B07MPDSNY2,FBA71656,0,0
B07MPDV88G,FBA70825,0,0
B07MQFJQB3,FBA70775,0,0
B07MQFL1NJ,FBA72538,0,0
B07MSLH7ZQ,FBA77054,0,0
B07MZXKZVG,FBK72144,0,0
B07N2WHVY2,FBA72125,0,0
B07N2WHVY4,FBA70814,0,0
B07N2WMZVC,FBA70816,0,0
B07N2WY136,FBA70813,0,0
B07N2WY139,FBA73784,0,0
B07N2WZFVK,FBA72076,0,0
B07N2WZFWL,FBA70812,0,0
B07N2X19QX,FBA72050,0,0
B07N2X1XQH,FBA72051,0,0
B07N2X34JJ,FBA70815,0,0
B07N2X34K1,FBA70821,0,0
B07N2X48XP,FBA70795,0,0
B07N2X5N6K,FBA71660,0,0
B07N2XCKZL,FBA70794,0,0
B07N2XCL1P,FBA70790,0,0
B07N2XD6C5,FBA70796,0,0
B07N2XF139,FBA70793,0,0
B07N2XFB9J,FBA71061,0,0
B07N2XFSZJ,FBA72008,0,0
B07N2XGN5S,FBA70820,0,0
B07N2XK9GW,FBA70809,0,0
B07N2XL1F8,FBA72006,0,0
B07N2XL1FK,FBA71060,0,0
B07N2XL1FM,FBA71975,0,0
B07N2XL1GD,FBA70791,0,0
B07N2XLWW6,FBA72025,0,0
B07N2XLWWS,FBA70792,0,0
B07N2XM7ZF,FBA73780,0,0
B07N2XM81D,FBA72004,0,0
B07N2YYL28,FBA70806,0,0
B07NBFK77J,FBA73758,0,0
B07NC254QQ,FBA73725,0,0
B07NDN87N3,FBA72128,0,0
B07NDNVK4G,FBA74441,0,0
B07NDNZ26J,FBA71962,0,0
B07NDPNN61,FBA72299,0,0
B07NDPNSDG,FBA71965,0,0
B07NJ3JWY7,FBA72044,0,0
B07NJSZ8DV,FBA72020,0,0
B07NJT6217,FBA72021,0,0
B07NJTGKM9,FBA72546,0,0
B07NQYC7RX,FBA71052,0,0
B07NQZC7L9,FBA71059,0,0
B07NR7965W,FBA76911,0,0
B07NWHTKF2,FBA75344,0,0
B07P5795KL,FBA71630,0,0
B07P57HXW6,FBA72133,0,0
B07P57ZT6H,FBA73782,0,0
B07P5DDS2Q,FBA71640,0,0
B07P5FDHSH,FBA72129,0,0
B07P5FHF1N,FBA72072,0,0
B07PR8H1HV,FBA80174,0,0
B07PRJD8XZ,FBA72057,0,0
B07PRJF1KY,FBA71961,0,0
B07PRJJ7DT,FBA75147,0,0
B07PSN94SB,FBA72058,0,0
B07PSNKQJ4,FBA72030,0,0
B07PSNTTY7,FBA72016,0,0
B07PTQP2MX,FBA71978,0,0
B07PTQP6DX,FBA71977,0,0
B07PTRB6RS,FBA72022,0,0
B07PTRQ8X4,FBA72119,0,0
B07PTRVGW6,FBA71732,0,0
B07PTS7V6W,FBA72028,0,0
B07PTZRFHB,FBA72130,0,0
B07Q3SGGJR,FBA71970,0,0
B07Q3SGK4V,FBA72069,0,0
B07Q3SGK4Z,FBA71971,0,0
B07Q3SGTVC,FBA72064,0,0
B07Q4QQ14Q,FBA72118,0,0
B07Q4QQ1VN,FBA72122,0,0
B07Q4QQ5KD,FBA72068,0,0
B07Q4QQ7WF,FBA73759,0,0
B07Q5V3XPN,FBA72015,0,0
B07Q6ZCQ6K,FBA73781,0,0
B07Q846HMN,FBA72124,0,0
B07Q96MYSK,FBA71667,0,0
B07Q96WL58,FBA72070,0,0
B07QBLMF72,FBA71167,0,0
B07QBLMP8K,FBA71166,0,0
B07QDK1378,FBA71165,0,0
B07QDK1FF5,FBA71171,0,0
B07QFN25CJ,FBA71163,0,0
B07QFN25CK,FBA71164,0,0
B07QHX9HTB,FBA71172,0,0
B07QHX9HTC,FBA71170,0,0
B07QJWHGFS,FBA71169,0,0
B07QJWPM9D,FBA71168,0,0
B07QL7JY4W,FBA73760,0,0
B07QSK7DHR,FBA77066,0,0
B07QSKLVNX,FBA71981,0,0
B07QW9BDY1,FBA72061,0,0
B07QW9BLF9,FBA72066,0,0
B07QW9D7DW,FBA71958,0,0
B07QW9DDGB,FBA72073,0,0
B07QX897QS,FBA72063,0,0
B07QX897RF,FBA72059,0,0
B07QX8DPWK,FBA72065,0,0
B07QXJWWC7,FBA72067,0,0
B07QYBTLQF,FBA72060,0,0
B07QYBVNVH,FBA72062,0,0
B07R1MSS8S,FBA72037,0,0
B07R2LN8JT,FBA71638,0,0
B07R2M6N91,FBA72071,0,0
B07R2MLFS8,FBA71673,0,0
B07R4P572S,FBA71026,0,0
B07RBMBVLQ,FBA71028,0,0
B07RBQXMBB,FBA71027,0,0
B07RDCD4JQ,FBA71609,0,0
B07RDCDCNJ,FBA71611,0,0
B07RDCDFCC,FBA71636,0,0
B07RDCDP6W,FBA79378,0,0
B07RDCDTD9,FBA72187,0,0
B07RFDKZ8V,FBA71610,0,0
B07RFDM9F9,FBA71602,0,0
B07RFDMC1H,FBA71659,0,0
B07RGC755Z,FBA73653,0,0
B07RHGC7Z4,FBA71603,0,0
B07RHGCBDR,FBA72074,0,0
B07RHGCCSX,FBA72197,0,0
B07RHGCFQY,FBA72186,0,0
B07RJJ1KVG,FBA71649,0,0
B07RJKB53B,FBA72298,0,0
B07RJKCCB8,FBA71650,0,0
B07RKJK55G,FBA71655,0,0
B07RKJNRVS,FBA72102,0,0
B07RKLR33Q,FBA72101,0,0
B07RPQWF6B,FBA75458,0,0
B07RT8LJLJ,FBA76892,0,0
B07RWL42BP,FBA72078,0,0
B07RWL6SVM,FBA71652,0,0
B07RWL8G3G,FBA71599,0,0
B07RWL9YN3,FBA71626,0,0
B07RX2FCSJ,FBA71625,0,0
B07RX2FHP6,FBA71606,0,0
B07RY3W644,FBA71624,0,0
B07RY421NH,FBA71608,0,0
B07RYWNCPF,FBA71597,0,0
B07RYXTG27,FBA72104,0,0
B07RYYFBNP,FBA71615,0,0
B07RYYMMS1,FBA72098,0,0
B07RYZ1RPC,FBA71657,0,0
B07RYZBWM7,FBA71607,0,0
B07RYZH9ZS,FBA71653,0,0
B07RYZK83M,FBA71596,0,0
B07RYZK986,FBA72099,0,0
B07RYZSCH1,FBA72093,0,0
B07RYZVMZ4,FBA71613,0,0
B07RZ16S9W,FBA75958,0,0
B07RZ1R1HJ,FBA71628,0,0
B07S3D2316,FBA71647,0,0
B07S9CB292,FBA71729,0,0
B07SRVV8V4,FBA71998,0,0
B07SRW3MCM,FBA71988,0,0
B07SSVWD1X,FBA72000,0,0
B07STC79B6,FBA74439,0,0
B07STDZ2D7,FBA74440,0,0
B07SV6HR8T,FBA80226,0,0
B07SV6Q9QX,FBA80035,0,0
B07SW1J6VM,FBA72001,0,0
B07SW1KK31,FBA71987,0,0
B07SW7PZGD,FBA72079,0,0
B07SW7Q73D,FBA72088,0,0
B07SW7QQYN,FBA71641,0,0
B07SW7QXBH,FBA71637,0,0
B07SW9C6ZH,FBA80227,0,0
B07SW9WNP5,FBA80057,0,0
B07SXCXGFX,FBA72080,0,0
B07SXCYD1G,FBA72087,0,0
B07SXCYD6T,FBA72091,0,0
B07SXCYNLM,FBA72077,0,0
B07SXDDBCT,FBA72075,0,0
B07SXDRFK2,FBA80036,0,0
B07SXFRLZZ,FBA80037,0,0
B07SY45ZQS,FBA76888,0,0
B07SY4V5QQ,FBA75183,0,0
B07SY66F2L,FBA75182,0,0
B07SYFYGR6,FBA80228,0,0
B07SYSQJDN,FBA80229,0,0
B07SYVFVKS,FBA72182,0,0
B07SZSTHFS,FBA79415,0,0
B07SZSVT1F,FBA79522,0,0
B07SZWQWV2,FBA72089,0,0
B07T1NK3T9,FBA71999,0,0
B07T1X89FZ,FBA79524,0,0
B07T1X8TKH,FBA79523,0,0
B07T1X92WV,FBA79416,0,0
B07T1X96CL,FBA79413,0,0
B07T2XXTSN,FBA79299,0,0
B07T2XY7V5,FBA79898,0,0
B07T2XYGR5,FBA79897,0,0
B07T2XYHYD,FBA79806,0,0
B07T2XZ5K4,FBA79802,0,0
B07T3GZB3R,FBA76377,0,0
B07T3ZLNM3,FBA79412,0,0
B07T3ZNGTY,FBA79151,0,0
B07T3ZPD9X,FBA79805,0,0
B07T53T1KV,FBA79807,0,0
B07T53XXCF,FBA79149,0,0
B07T53YF1C,FBA79150,0,0
B07T62VK1C,FBA79521,0,0
B07T62XNWY,FBA79803,0,0
B07T62YVHY,FBA79899,0,0
B07T63MQ9G,FBA79414,0,0
B07T63ZJTR,FBA79411,0,0
B07T649HM2,FBA79900,0,0
B07T64HT6R,FBA79804,0,0
B07T655VD8,FBA79288,0,0
B07T8BB9R8,FBA71623,0,0
B07T9FPS66,FBA71668,0,0
B07TBGM8NY,FBA74407,0,0
B07TDMKBC3,FBA71666,0,0
B07TFHNQMN,FBA72179,0,0
B07TFHSDHH,FBA71664,0,0
B07TS7J7S3,FBA73738,0,0
B07TSN2H9D,FBA77114,0,0
B07VLHKXMF,FBA71620,0,0
B07VLHKXN2,FBA71642,0,0
B07VLHKXSD,FBA71671,0,0
B07VLHL1C5,FBA71612,0,0
B07VLHL6ZL,FBA71645,0,0
B07VLHL737,FBA71654,0,0
B07VLHL78V,FBA71618,0,0
B07VLHLBHV,FBA71621,0,0
B07VLHLBHW,FBA72095,0,0
B07VLHLGC3,FBA71669,0,0
B07VMN4Y34,FBA71595,0,0
B07VMN57SF,FBA71644,0,0
B07VMN57ZP,FBA74265,0,0
B07VMN581D,FBA71663,0,0
B07VMN5DZR,FBA72103,0,0
B07VMN5F32,FBA71627,0,0
B07VNMZ9Z3,FBA71614,0,0
B07VNMZB7H,FBA71646,0,0
B07VNMZQ9D,FBA71594,0,0
B07VNMZQFQ,FBA71632,0,0
B07VNMZVCH,FBA71662,0,0
B07VNMZZM9,FBA72140,0,0
B07VP4J7MC,FBA71960,0,0
B07VPQNMBK,FBA72082,0,0
B07VPQP5RJ,FBA71634,0,0
B07VQVMXDX,FBA72204,0,0
B07VQVMXLF,FBA72092,0,0
B07VQVMXM9,FBA71670,0,0
B07VQVP5R2,FBA72083,0,0
B07VQVP5S8,FBA72100,0,0
B07VQVPSCK,FBA71643,0,0
B07VRPS5KX,FBA76332,0,0
B07VRYBDBY,FBA71672,0,0
B07VRYBKDT,FBA72081,0,0
B07VRYBKGR,FBA71617,0,0
B07VRYBKJ6,FBA71633,0,0
B07VSVSMJR,FBA71665,0,0
B07VSVWG3Q,FBA72096,0,0
B07VSWH55P,FBA71631,0,0
B07VSWQ1Z9,FBA71605,0,0
B07VTS45NR,FBA71395,0,0
B07VTS5162,FBA71389,0,0
B07VV77HWY,FBA71407,0,0
B07VVGHFF3,FBA71598,0,0
B07VWD4R8X,FBA71433,0,0
B07VWDLMH4,FBA71429,0,0
B07VWDLMH8,FBA71432,0,0
B07VWDLMHP,FBA71387,0,0
B07VWDM2KT,FBA71400,0,0
B07VWDM2LQ,FBA71390,0,0
B07VWDNT36,FBA71431,0,0
B07VWF3BS2,FBA71411,0,0
B07VWF3BSJ,FBA71386,0,0
B07VXCVQYD,FBA71436,0,0
B07VXD86TX,FBA71437,0,0
B07VXD86TY,FBA71381,0,0
B07VXDQGMK,FBA71385,0,0
B07VXL2GTW,FBA71619,0,0
B07VXLWJDT,FBA71601,0,0
B07VYGL7D1,FBA71393,0,0
B07VYGW2T2,FBA71391,0,0
B07VYGWY3M,FBA71410,0,0
B07VYGWY3P,FBA71430,0,0
B07VYH6TH9,FBA71382,0,0
B07VYH7JGR,FBA71399,0,0
B07VZLGH9Z,FBA71384,0,0
B07VZM9XD1,FBA71412,0,0
B07VZST566,FBA74425,0,0
B07W1NXSTH,FBA71401,0,0
B07W1PRC2J,FBA71383,0,0
B07W1PRC3X,FBA71388,0,0
B07W1WHJ3N,FBA71629,0,0
B07W6JT21D,FBA71635,0,0
B07WDTGHRC,FBA73853,0,0
B07WDTKHGP,FBA73852,0,0
B07WFWGKQM,FBA74318,0,0
B07WFWGKQX,FBA72534,0,0
B07WFWGLJF,FBA72531,0,0
B07WFWGLJJ,FBA72530,0,0
B07WFY45YR,FBA73854,0,0
B07WGWGMBM,FBA80118,0,0
B07WJ8JSLS,FBA75017,0,0
B07WK4F1C7,FBA75281,0,0
B07WLWN2ZT,FBA77101,41,1
B07WMZ4DSC,FBA76992,0,0
B07WN1X48N,FBA77051,0,0
B07WQ7WTQL,FBA72533,0,0
B07WQ9MK1V,FBA72532,0,0
B07WQ9WRJ9,FBA80096,0,0
B07WXMDJQ8,FBA71651,0,0
B07WYGH4D3,FBA71604,0,0
B07WYH2NDM,FBA72090,0,0
B07WYHVHTK,FBA71600,0,0
B07WZ1HLX2,FBA75657,0,0
B07WZMCB66,FBA71616,0,0
B07WZT656P,FBA71424,0,0
B07WZT6QZH,FBA71415,0,0
B07X1XYB3P,FBA71434,0,0
B07X2XPMH4,FBA71426,0,0
B07X2XPR7H,FBA71397,0,0
B07X2XPR7S,FBA71398,0,0
B07X2XPR8D,FBA71422,0,0
B07X2XQH7Z,FBA71427,0,0
B07X2XQM3C,FBA71378,0,0
B07X3V6B7N,FBA72180,0,0
B07X3V8R8R,FBA71658,0,0
B07X4245JY,FBA71380,0,0
B07X4YDX8Y,FBA72297,0,0
B07X4YFQMH,FBA72210,0,0
B07X4YGC8B,FBA71622,0,0
B07X556S6L,FBA71417,0,0
B07X556S71,FBA71428,0,0
B07X556YZG,FBA71404,0,0
B07X556YZK,FBA71405,0,0
B07X55752T,FBA71420,0,0
B07X557P84,FBA71425,0,0
B07X557QLQ,FBA71414,0,0
B07X557QMG,FBA71435,0,0
B07X557TY7,FBA71396,0,0
B07X557TYM,FBA71402,0,0
B07X5VLK6H,FBA71661,0,0
B07X5VS664,FBA73783,0,0
B07X62NHKB,FBA71413,0,0
B07X62PCSW,FBA71394,0,0
B07X6ZSY61,FBA71409,0,0
B07X6ZSY6F,FBA71421,0,0
B07X718GVT,FBA71408,0,0
B07X71C1PC,FBA71392,0,0
B07X71C1PM,FBA71406,0,0
B07X71MZ8C,FBA71403,0,0
B07X71T4RH,FBA71418,0,0
B07X71T546,FBA71419,0,0
B07X71ZSZQ,FBA71416,0,0
B07X71ZSZX,FBA71423,0,0
B07XV6TZZL,FBA74860,0,0
B07XV6ZR76,FBA75071,0,0
B07XVBPMX7,FBA75072,0,0
B07XVGKV8F,FBA75062,0,0
B07XVHN6Q8,FBA74861,0,0
B07XYSLTHT,FBA75175,0,0
B07XYT35RT,FBA75004,0,0
B07XYVS8WP,FBA74436,0,0
B07XYWS79G,FBA74437,0,0
B07XYX2R37,FBA74765,0,0
B07XYX6TKM,FBA75381,0,0
B07XYX8B5P,FBA74438,0,0
B07XYXPB94,FBA74932,0,0
B07XYY8VHQ,FBA74249,0,0
B07XYY9X9V,FBA74847,0,0
B07XYZRZ72,FBA74248,0,0
B07YBK3XDF,FBA71986,0,0
B07YNK7PMR,FBA75266,0,0
B07YW9PMKZ,FBA75368,0,0
B07Z1MFYDL,FBA73656,0,0
B07Z459Q4N,FBA74762,0,0
B07Z45LHPQ,FBA74914,0,0
B07Z45TFQM,FBA74944,0,0
B07Z461SFD,FBA74263,0,0
B07Z463G74,FBA75000,0,0
B07Z463LXH,FBA75371,0,0
B07Z4653KB,FBA77029,0,0
B07Z467GYD,FBA74258,0,0
B07Z468RPB,FBA74999,0,0
B07Z46BFYX,FBA74261,0,0
B07Z46C6FN,FBA76884,0,0
B07Z46C6KM,FBA76872,0,0
B07Z46CPDV,FBA75078,0,0
B07Z46CPMQ,FBA74735,0,0
B07Z46HMVS,FBA74998,0,0
B07Z46N292,FBA74753,0,0
B07Z46P2JK,FBA75959,0,0
B07Z46P2LB,FBA74252,0,0
B07Z46P3CP,FBA74757,0,0
B07Z7VG8GX,FBA77021,0,0
B07Z92HMPB,FBA75148,0,0
B07Z9332PR,FBA74848,0,0
B07Z9HSSHH,FBA76331,0,0
B07Z9JBD3S,FBA74345,0,0
B07Z9JK4M3,FBA74347,0,0
B07Z9JRR6C,FBA73862,0,0
B07ZR4DD3M,FBA76499,0,0
B07ZR4DT8T,FBA77042,0,0
B07ZR4X7HB,FBA77043,0,0
B07ZY7KL58,FBA77052,0,0
B0818BCCJ3,FBA76912,0,0
B081HQD6N3,FBA74219,0,0
B081HQF5WY,FBA76380,0,0
B081HQLJYZ,FBA75373,0,0
B081HQNCFJ,FBA75282,0,0
B081HQQR6K,FBA75267,0,0
B081HQYC5T,FBA74238,0,0
B081HR45S9,FBA75181,0,0
B081HR7RTG,FBA75021,0,0
B081HRF1NZ,FBA74218,0,0
B081HRHQNZ,FBA75268,0,0
B081TGFCYL,FBA76869,0,0
B081VK6Q6V,FBA76746,0,0
B08218JL5M,FBA72510,0,0
B082192VRQ,FBA72508,0,0
B08219BK2S,FBA72516,0,0
B08219BNRN,FBA72525,0,0
B08219C8JP,FBA72524,0,0
B08219D73H,FBA72506,0,0
B08219D74P,FBA72518,0,0
B08219F6NP,FBA72523,0,0
B08219G53Z,FBA72521,0,0
B08219GGBK,FBA72512,0,0
B08219HLDM,FBA72507,0,0
B08219HPR8,FBA72515,0,0
B08219KSCV,FBA72513,0,0
B08219KSCW,FBA72511,0,0
B08219KSFT,FBA72514,0,0
B08219KYFJ,FBA72519,0,0
B08219Q5LL,FBA72520,0,0
B08219QVZ3,FBA72517,0,0
B08219SRN3,FBA72522,0,0
B0821B3QZJ,FBA72509,0,0
B082W4B7SX,FBA77106,4,0
B0838PYKXM,FBA75018,0,0
B083JYQ3HJ,FBA74941,0,0
B083JYWXWV,FBA73655,0,0
B083JYYYB2,FBA74274,0,0
B083JZ4BTP,FBA73654,0,0
B083JZ7WK3,FBA74276,0,0
B083K2YMMR,FBA74254,0,0
B083LPYPS9,FBA77112,0,0
B083QDK9HZ,FBA77055,0,0
B083QDMN2M,FBA74275,0,0
B083QDSMWJ,FBA75001,0,0
B083R5SMPH,FBA74273,0,0
B083R5THGM,FBA74259,0,0
B083R5TR3P,FBA75361,0,0
B083R5Y2JT,FBA74858,0,0
B083R635DJ,FBA75010,0,0
B083R669T8,FBA74260,0,0
B083R669TB,FBA74264,0,0
B083T6BFN8,FBA75456,0,0
B083TH8VR6,FBA76929,0,0
B083TTCVP9,FBA76928,0,0
B083YD6GYY,FBA75184,0,0
B083YWCD46,FBA75177,0,0
B08438FPK2,FBA77067,0,0
B084392K57,FBA74253,0,0
B0846P93W6,FBA77020,0,0
B0846PC77Q,FBA74758,0,0
B0846PDLTS,FBA77081,0,0
B0846PGPXB,FBA74256,0,0
B0846PGYZD,FBA74737,0,0
B0846PJPW9,FBA75372,0,0
B0846PKC48,FBA74262,0,0
B0846PKRYW,FBA74271,0,0
B0846PKY4G,FBA74255,0,0
B0846PLXPB,FBA76883,0,0
B0846PM93Z,FBA74755,0,0
B0846PMVG8,FBA74406,0,0
B0846PRZ13,FBA75027,0,0
B0846PT6P2,FBA74250,0,0
B0846PWGNK,FBA74443,0,0
B0846Q1JT5,FBA74927,0,0
B0846QMS65,FBA74714,0,0
B084CFSPKL,FBA73665,0,0
B084CFT3TR,FBA73659,0,0
B084CFTG6R,FBA73670,0,0
B084CFTZBB,FBA73661,0,0
B084CFTZBJ,FBA74434,0,0
B084CFV3G2,FBA74424,0,0
B084CFV3GG,FBA73664,0,0
B084CFV5V6,FBA74731,0,0
B084CFVJ5R,FBA73666,0,0
B084CFVJ6M,FBA73662,0,0
B084CFW153,FBA74336,0,0
B084CFWYJ9,FBA74761,0,0
B084CFXGJJ,FBA73658,0,0
B084CFXZFK,FBA73667,0,0
B084CFZG8H,FBA75350,0,0
B084CFZGB7,FBA73668,0,0
B084CFZQBZ,FBA73660,0,0
B084CFZQDW,FBA73669,0,0
B084CG2ZVZ,FBA74245,0,0
B084CG3BD8,FBA73657,0,0
B084CG3TBB,FBA73663,0,0
B084CG3ZC4,FBA74346,0,0
B084CG45Q5,FBA74915,0,0
B084CG543W,FBA75343,0,0
B084ZSXGH5,FBA75073,0,0
B084ZT1L62,FBA75011,0,0
B084ZT7LH1,FBA75064,0,0
B084ZTN9ZH,FBA75063,0,0
B0853BVFG7,FBA74715,0,0
B0853CHQSH,FBA75179,0,0
B085N64V3K,FBA74716,0,0
B085PZGWSS,FBA76914,0,0
B085VTB3KN,FBA76905,0,0
B086CY9DVQ,FBA75009,0,0
B086D5635X,FBA75005,0,0
B086D56S5X,FBA74404,0,0
B086D5Y14R,FBA76500,0,0
B086D8BQDP,FBA74402,0,0
B086D8FJGG,FBA74412,0,0
B086D93G97,FBA74403,0,0
B086DBQKWX,FBA74405,0,0
B086DDTMW8,FBA77030,0,0
B086DHZ4YB,FBA76878,0,0
B086JQJS74,FBA74432,0,0
B086K5SRF5,FBA74433,0,0
B086K5XNDR,FBA74431,0,0
B086K654H9,FBA74241,0,0
B086NJCB44,FBA74400,0,0
B086NLS2SL,FBA74401,0,0
B086NQ3M5Y,FBA75314,0,0
B086P6N4F4,FBA74214,0,0
B086PH1JDK,FBA74215,0,0
B087MMY6T8,FBA79054,1,0
B087MPHGHT,FBA79055,1,0
B089C2L66M,FBA75694,38,0
B089FVQD3Z,FBA77105,45,39
B089SJGQBH,FBA77104,5,0
B08BCLYN66,FBA79870,0,0
B08BJ9M8RY,FBA77056,0,0
B08BJ9T3DT,FBA74268,0,0
B08CF614NK,FBA76745,1,0
B08CVP2HXP,FBA77111,120,50
B08DTF7YZV,FBA74930,0,0
B08DTMJGGG,FBA74411,0,0
B08DTMSL2R,FBA74741,0,0
B08FBTYWLW,FBA74270,0,0
B08FW1Q676,FBA75976,0,0
B08FWGZB8Q,FBA75193,0,0
B08FWKGKC2,FBA74338,0,0
B08FWPTZ1D,FBA75191,0,0
B08FWRPDZY,FBA74339,0,0
B08FWWKGBZ,FBA75192,0,0
B08FX4382S,FBA74337,0,0
B08GLYSCG5,FBA76913,0,0
B08GMM5V18,FBA74428,0,0
B08GMNLSMR,FBA74435,0,0
B08GMNPFZF,FBA74427,0,0
B08GMP6CD8,FBA74418,0,0
B08GMPHHGP,FBA74430,0,0
B08GMQ4W74,FBA74429,0,0
B08GMQ6QK5,FBA74426,0,0
B08HBTPK4L,FBA74718,0,0
B08HGNLX45,FBA74922,0,0
B08HGVDKFH,FBA76490,0,0
B08HGYBLWS,FBA74763,0,0
B08HSXFWD9,FBA74744,0,0
B08HSXQLRN,FBA76327,0,0
B08HSXV1BV,FBA74410,0,0
B08HSY2JNT,FBA74267,0,0
B08HSY2JPL,FBA75025,0,0
B08JHHR9Y5,FBA74535,0,0
B08JHLBQ91,FBA74409,0,0
B08JHLBQ96,FBA74422,0,0
B08JPFR7ZQ,FBA77038,0,0
B08JPZFBR6,FBA74296,0,0
B08K2VJKB2,FBA74348,0,0
B08K2XBYP6,FBA74342,0,0
B08KFKZLR4,FBA74939,0,0
B08KFL5TW8,FBA75383,0,0
B08KFM7SGS,FBA75054,0,0
B08KFNVMFD,FBA74307,0,0
B08KT2SMWT,FBA74298,0,0
B08KT2Z7R3,FBA74399,0,0
B08KT387GB,FBA77039,0,0
B08KT3ZHB2,FBA74764,0,0
B08KT44SP7,FBA74306,0,0
B08KT49ZBF,FBA74408,0,0
B08KT4J174,FBA75442,0,0
B08KT59TLG,FBA74340,0,0
B08KT5G3JM,FBA74745,0,0
B08KTV6STR,FBA74543,0,0
B08KTVKBY6,FBA74542,0,0
B08KTVVK3P,FBA75028,0,0
B08KTW22G5,FBA75023,0,0
B08KTWM145,FBA75315,0,0
B08KWMFFMG,FBA74945,0,0
B08KWMJS1N,FBA74416,0,0
B08KWN63HJ,FBA74736,0,0
B08L6VYH9N,FBA74312,0,0
B08L6WWCB8,FBA74310,0,0
B08LG7XJHC,FBA74297,0,0
B08LGB5VNK,FBA75365,0,0
B08MBZXHBK,FBA74444,0,0
B08NDB5NWP,FBA77110,26,15
B08Q9CWD8Z,FBA74277,0,0
B08QLBHCYG,FBA74311,0,0
B08QLC9RC4,FBA74291,0,0
B08QLHWNBW,FBA75066,0,0
B08QLJTHTV,FBA74420,0,0
B08QLLZCZW,FBA74314,0,0
B08QLXK3QL,FBA74421,0,0
B08QM5LQRG,FBA74313,0,0
B08QM6GTQ5,FBA74292,0,0
B08QM7HY29,FBA74290,0,0
B08QTLYZ8T,FBA74933,0,0
B08QTNW4FN,FBA74754,0,0
B08QTVKD7Q,FBA74732,0,0
B08QTVLYFT,FBA74938,0,0
B08QTW81S9,FBA74415,0,0
B08QV2ND55,FBA74299,0,0
B08QV2T36D,FBA74414,0,0
B08QV36L66,FBA75007,0,0
B08QV5BJ4Y,FBA75150,0,0
B08QV5NBZ3,FBA75006,0,0
B08QV5RB5P,FBA74300,0,0
B08QV86G8T,FBA74417,0,0
B08QV8GJ1P,FBA77060,0,0
B08QV9ZVRC,FBA75003,0,0
B08QVCPDVT,FBA75077,0,0
B08QVDGPBS,FBA74413,0,0
B08QVL13R9,FBA75008,0,0
B08QVSQZ8Y,FBA74419,0,0
B08R281XCJ,FBA74919,0,0
B08R28M6T7,FBA74734,0,0
B08R28SXBC,FBA75044,0,0
B08R7V76XM,FBA78886,0,0
B08R7WDPWW,FBA74540,0,0
B08R7WJHVV,FBA74541,0,0
B08S1NVVLD,FBA78887,0,0
B08SBSN88X,FBK74286,0,0
B08SJD466P,FBK74287,0,0
B08SJZK21C,FBA75551,0,0
B08SVRZMPN,FBA74534,0,0
B08SW1LBDF,FBS74343,0,0
B08SW94MNB,FBA75049,0,0
B08TCF6G1K,FBA75189,0,0
B08TCGNNRP,FBA75190,0,0
B08THDZL7F,FBA74315,0,0
B08THHJSYG,FBA74316,0,0
B08V1JS3NY,FBA77115,2,0
B08V3297JZ,FBA74536,0,0
B08V3H5C95,FBA74539,0,0
B08V3JXB8R,FBA74993,0,0
B08V3JYL33,FBA75265,0,0
B08V3KGHFJ,FBA74537,0,0
B08V3KNPY4,FBA75059,0,0
B08V3KYZLV,FBA75043,0,0
B08V3LTH56,FBA76957,0,0
B08V3P2LGK,FBA74302,0,0
B08V3SCSVY,FBA74423,0,0
B08V3TGW6S,FBA74947,0,0
B08V3TK36Z,FBA74835,0,0
B08V3VVVMH,FBA74923,0,0
B08V41MK2D,FBA74928,0,0
B08V421RBG,FBA75039,0,0
B08V4287TC,FBA74308,0,0
B08V49QXZJ,FBA74842,0,0
B08V49R1QK,FBA75145,0,0
B08V4N17G1,FBA74304,0,0
B08V4NWNFW,FBA74749,0,0
B08VMLGNWW,FBA74717,0,0
B08VTY6SZC,FBA74309,0,0
B08XBST428,FBA74738,0,0
B08XBWMSDM,FBA74303,0,0
B08XBXD1BL,FBA74921,0,0
B08XBY9Y9X,FBA74849,0,0
B08XBYKWW3,FBA75346,0,0
B08XBYLVX3,FBA74920,0,0
B08XBYQ236,FBA74996,0,0
B08XBZ118C,FBA74538,0,0
B08XBZTJXG,FBA74305,0,0
B08XC43CB8,FBA74301,0,0
B08XSCFBVJ,FBA74528,0,0
B08XSCK3HW,FBA75067,0,0
B08XSFZNVQ,FBA75065,0,0
B08XSK91K7,FBA74529,0,0
B08XSN28TN,FBA74527,0,0
B08XSNY51N,FBA74748,0,0
B08XSPSBCJ,FBA74530,0,0
B08XSPSWBB,FBA74531,0,0
B08XSSDLKT,FBA75035,0,0
B08XST9495,FBA74746,0,0
B08XSTGLCB,FBA76882,0,0
B08XT3R2BY,FBA75074,0,0
B08YJN5LCK,FBA76328,0,0
B08YJNVS5M,FBA74730,0,0
B08YT4BPTZ,FBA75002,0,0
B08YWHJM87,FBA74760,0,0
B08YWJD8DS,FBA75151,0,0
B08YWM1SSY,FBA75366,0,0
B08YWMT4SJ,FBA74756,0,0
B08YWQD3CW,FBA74759,0,0
B08YWV5K8C,FBA74733,0,0
B08YWX4X14,FBA74747,0,0
B08YWZJSJG,FBA74751,0,0
B08YX37N72,FBA74739,0,0
B08YX5K65J,FBA77090,0,0
B08YXDTTTM,FBA77031,0,0
B08ZN9VFMF,FBA74946,0,0
B08ZR2NR43,FBA74532,0,0
B08ZR4LGLT,FBA74533,0,0
B08ZYZ68YY,FBA75051,0,0
B09116G26G,FBA74740,0,0
B091183NX5,FBA75026,0,0
B0915H3854,FBA74948,0,0
B091JCMWZ1,FBA74850,0,0
B091JH6TF5,FBA74750,0,0
B091JJ35YK,FBA77088,0,0
B091JK1BTZ,FBA75441,0,0
B091KJKB56,FBA77057,0,0
B091KPQVM2,FBA76329,0,0
B091M68PBR,FBA75443,0,0
B092PLJQG7,FBA77092,0,0
B092PLY31V,FBA75384,0,0
B092PNJ2WK,FBA75056,0,0
B092PR96TX,FBA74743,0,0
B092PV1NYL,FBA76497,0,0
B092PWW5W3,FBA75385,0,0
B092Q2MFV2,FBA75360,0,0
B092Q4CZ8D,FBA74940,0,0
B0937G5B1B,FBA75369,0,0
B093KZB5JV,FBA75176,0,0
B093L1CG7P,FBA75016,0,0
B093L27ZGZ,FBA75178,0,0
B093L34JHV,FBA74846,0,0
B0944SZ1QG,FBA74916,0,0
B094R8FJ6J,FBA79559,0,0
B095Z4HQ71,FBA74742,0,0
B096G7JB13,FKA73859,0,0
B0975RSK8K,FBA74937,0,0
B0975RXVGP,FBA75152,0,0
B0975RYXYD,FBA74854,0,0
B0975S676Q,FBA74855,0,0
B0975TDMW6,FBA75153,0,0
B0975TLN21,FBA75034,0,0
B0978NZQ51,FBA75328,0,0
B0978PSJLY,FBA75058,0,0
B0978Q3L43,FBA75060,0,0
B0978QSPYG,FBA74988,0,0
B0978RHNR5,FBA74859,0,0
B0979PJSCV,FBA75708,0,0
B097N9RYRB,FBA74994,0,0
B097NDDLFK,FBA74845,0,0
B097NDLJMH,FBA75036,0,0
B097NDTXGV,FBA74943,0,0
B097NDWVVR,FBA75336,0,0
B097NF5VDV,FBA74844,0,0
B097NFFD7N,FBA74862,0,0
B097NFPH63,FBA74863,0,0
B097NGC79X,FBA74843,0,0
B097NGGV1V,FBA76510,0,0
B097NGKPYD,FBA75068,0,0
B097NGQCWD,FBA75075,0,0
B097NGQLBG,FBA75079,0,0
B097NGVXFL,FBA74942,0,0
B097RL68BY,FBA75149,0,0
B097RN2DML,FBA75185,0,0
B097RN7BBL,FBA74752,0,0
B097RP9SPH,FBA75022,0,0
B097RPJ6N9,FBA75030,0,0
B097RQGQVB,FBA75031,0,0
B09874P8L9,FBA76467,0,0
B09874TJBF,FBA74935,0,0
B09875M1VZ,FBA74934,0,0
B09875PVWM,FBA75050,0,0
B09875VPR1,FBA74857,0,0
B098766YF1,FBA75143,0,0
B09876MGQ1,FBA74936,0,0
B09876W522,FBA76925,0,0
B09877KJ9T,FBA76889,0,0
B098789N9Y,FBA74987,0,0
B0987JXLGG,FBA76661,1,0
B0987L6WST,FBA77058,0,0
B099YWVYMX,FBA76501,0,0
B099YZWD5S,FBA75359,0,0
B09B42WB9D,FBA74688,0,0
B09B44V1F4,FBA74995,0,0
B09B44V1F9,FBA76915,0,0
B09B4517WJ,FBA74929,0,0
B09B45CD1Q,FBA76916,0,0
B09B45MXQD,FBA74689,0,0
B09B46W5MS,FBA74713,0,0
B09B47BHP8,FBA74712,0,0
B09B9R6TTX,FBA75024,0,0
B09B9RNT5J,FBA74856,0,0
B09BBCXX5S,FBA75052,0,0
B09BBHZH9R,FBA75033,0,0
B09BBJ3F84,FBA74840,0,0
B09BBJ46HP,FBA75047,0,0
B09BBJGXX3,FBA74989,0,0
B09BBJR6LS,FBA74851,0,0
B09BBJSTXT,FBA74837,0,0
B09BBJYR5N,FBA74839,0,0
B09BBK2LV4,FBA74838,0,0
B09BBK2MWW,FBA74925,0,0
B09BBK43K9,FBA74836,0,0
B09BBKBJDP,FBA75038,0,0
B09BBKLF5Y,FBA77073,0,0
B09BBKLQ9T,FBA74992,0,0
B09BBKZBDR,FBA76877,0,0
B09BBL53JV,FBA74926,0,0
B09BBL6J3X,FBA74924,0,0
B09BBLLDTC,FBA74991,0,0
B09BBLT21C,FBA74841,0,0
B09BQP1L74,FBA75102,0,0
B09BQP2MY1,FBA75103,0,0
B09BQPQFJ7,FBA75055,0,0
B09CDXSSB7,FBA75029,0,0
B09CDY2LMM,FBA75186,0,0
B09CDYGY89,FBA75154,0,0
B09CLKBXS4,FBA74874,0,0
B09CSJXZ5Q,FBA75083,0,0
B09CSK3G95,FBA74957,0,0
B09CSP6L4K,FBA74954,0,0
B09CSS5Y6T,FBA74956,0,0
B09CSX1G4R,FBA74990,0,0
B09CSXR4TR,FBA74952,0,0
B09CSYK3YX,FBA74951,0,0
B09CSYTWB3,FBA75082,0,0
B09CT1JSDK,FBA75081,0,0
B09CT7TH71,FBA74953,0,0
B09CT985QN,FBA74955,0,0
B09CTGRBBX,FBA75115,0,0
B09CTGVG5L,FBA75110,0,0
B09CTH1TYD,FBA75113,0,0
B09CTJ3XW9,FBA75114,0,0
B09CTJ567L,FBA75069,0,0
B09CTJ6VZL,FBA75119,0,0
B09CTJ97YT,FBA75118,0,0
B09CTJ9QSS,FBA74966,0,0
B09CTJPBZ2,FBA75120,0,0
B09CTJRWLC,FBA74965,0,0
B09CTJZ2RV,FBA75121,0,0
B09CTK1B5T,FBA74964,0,0
B09CTK3J9W,FBA75116,0,0
B09CVSRHBK,FBA76491,0,0
B09CVXCK3P,FBA75241,0,0
B09CVZMX6H,FBA75243,0,0
B09CW7XK8K,FBA75242,0,0
B09D4JMZN8,FBA75117,0,0
B09D4LF67Z,FBA75111,0,0
B09D4T8G71,FBA74967,0,0
B09D4WPR5P,FBA75123,0,0
B09D51XWPD,FBA75122,0,0
B09D55W4MN,FBA75112,0,0
B09DFYLMP8,FBA74962,0,0
B09DG1L9XD,FBA74985,0,0
B09DG1PNDP,FBA74961,0,0
B09DG1VD9S,FBA75096,0,0
B09DG39KXX,FBA75094,0,0
B09DGPWXCP,FBA76445,0,0
B09DGQ2WGB,FBA74931,0,0
B09DGQ4YFL,FBA75303,0,0
B09DGQ8BLV,FBA75053,0,0
B09DGQ8KDX,FBA74773,0,0
B09DGQD76Z,FBA75187,0,0
B09DGQFG1C,FBA75040,0,0
B09DGQJYYG,FBA75048,0,0
B09DGQL1TP,FBA75345,0,0
B09DGQLVLL,FBA75348,0,0
B09DGQMM9P,FBA74853,0,0
B09DGQPN14,FBA75159,0,0
B09DGQT8VN,FBA74776,0,0
B09DGR2G6C,FBA75045,0,0
B09DGR41B1,FBA74774,0,0
B09DGRDM42,FBA74852,0,0
B09DGRKMRG,FBA74772,0,0
B09DGRNGX5,FBA74775,0,0
B09DGRY2F8,FBA74997,0,0
B09DGS65QS,FBA75046,0,0
B09DGS7NWW,FBA74777,0,0
B09DGS966L,FBA74771,0,0
B09DGTTCMR,FBA75041,0,0
B09DHCRL3M,FBA76495,0,0
B09DHY28SD,FBA76496,0,0
B09DJYKJJC,FBA76870,0,0
B09DKBWSJ7,FBA75351,0,0
B09DKC2TS2,FBA75283,0,0
B09DKCFPK9,FBA77050,0,0
B09G6DF4R9,FBA75127,0,0
B09G6F5L8S,FBA75134,0,0
B09G6FS2GY,FBA75130,0,0
B09G6FS6G6,FBA75135,0,0
B09G6FV3KN,FBA75126,0,0
B09G6FWQD8,FBA75131,0,0
B09G6GKGL4,FBA74969,0,0
B09G6GQJNY,FBA75136,0,0
B09GPQJ2H3,FBA74979,0,0
B09GYLJ7WG,FBA74984,0,0
B09GYM566W,FBA75105,0,0
B09GYMBKMQ,FBA74950,0,0
B09GYMJVW2,FBA75084,0,0
B09GYMWPL9,FBA75104,0,0
B09GYMWSTR,FBA74963,0,0
B09GYN3SCL,FBA75109,0,0
B09GYN4K82,FBA74980,0,0
B09GYN5F92,FBA74958,0,0
B09GYP8VQ9,FBA74974,0,0
B09GYP926Z,FBA74960,0,0
B09GYP942M,FBA75088,0,0
B09GYPC1GS,FBA75100,0,0
B09GYPCWCD,FBA75349,0,0
B09GYPG6SX,FBA74959,0,0
B09GYPHDV4,FBA75355,0,0
B09GYPK769,FBA74981,0,0
B09GYPNGJ1,FBA74970,0,0
B09GYPP62N,FBA75101,0,0
B09GYPX52Q,FBA75090,0,0
B09GYQ1HR7,FBA75132,0,0
B09GYQ4RS7,FBA74972,0,0
B09GYQJ14Z,FBA74982,0,0
B09GYQS4D7,FBA74983,0,0
B09GYQXTM8,FBA75087,0,0
B09GYR7V2W,FBA75099,0,0
B09GYR85K7,FBA74971,0,0
B09H5MDS6J,FBA75108,0,0
B09H5MMRY1,FBA75098,0,0
B09H5NM339,FBA75097,0,0
B09HL3GD7G,FBA75376,0,0
B09HL4GZF9,FBA75377,0,0
B09HL4T36F,FBA75375,0,0
B09HL5WPP6,FBA75374,0,0
B09J1KT2Z5,FBA74973,0,0
B09J1MXY3P,FBA75133,0,0
B09J1Q1J4D,FBA74968,0,0
B09KLHYW1T,FBA75552,1,0
B09L7ZS5GM,FBK78418,0,0
B09L7ZXKKF,FBA77134,0,0
B09LCDJMS5,FBA77135,0,0
B09LJ3G854,FBA75061,0,0
B09LJ42SHQ,FBA75124,0,0
B09LJ5685F,FBA75107,0,0
B09LJ57GXZ,FBA75106,0,0
B09LJPTGX9,FBA75125,0,0
B09LVFKKLS,FBA75085,0,0
B09LVQ6XP5,FBA75092,0,0
B09MCVSYCH,FBA75128,0,0
B09MCVVH5Q,FBA75129,0,0
B09MCVYPN7,FBA75140,0,0
B09MCWLM83,FBA75089,0,0
B09MCX8LH9,FBA75139,0,0
B09MCXCDQH,FBA75141,0,0
B09MSCQDHS,FBA75137,0,0
B09MSD63SR,FBA75020,0,0
B09MSD7XLH,FBA75091,0,0
B09MSDS1MZ,FBA75086,0,0
B09MSFKMZX,FBA75093,0,0
B09MSFVDPC,FBA75138,0,0
B09MSG4MFJ,FBA75095,0,0
B09MZNC8GS,FBA79713,0,0
B09NC2NFR9,FBA75320,0,0
B09NC2Z6RW,FBA76887,0,0
B09NC2ZH4Z,FBA75319,0,0
B09NC322YT,FBA76749,0,0
B09NC353DJ,FBA75382,0,0
B09NCNG1GR,FBA76980,0,0
B09NS1HJM9,FBA75300,0,0
B09NS1QX5M,FBA75301,0,0
B09NS1Z53T,FBA76466,0,0
B09NS21QDH,FBA75284,0,0
B09NS22HVP,FBA75299,0,0
B09NS2CFPK,FBA75352,0,0
B09NS2P5WZ,FBA75302,0,0
B09NS2Q8C3,FBA75388,0,0
B09NS2R59M,FBA75286,0,0
B09NS2X9Q2,FBA75287,0,0
B09NS2YRNS,FBA75295,0,0
B09NS31J1S,FBA75298,0,0
B09NS346D6,FBA75296,0,0
B09NS35PQZ,FBA75291,0,0
B09NS35S6D,FBA75386,0,0
B09NS35VBQ,FBA75341,0,0
B09NS36MMY,FBA75339,0,0
B09NS3S6B4,FBA75293,0,0
B09NS43HN9,FBA75338,0,0
B09NS4B79W,FBA75342,0,0
B09NS4DB77,FBA75292,0,0
B09NS4NQT5,FBA75297,0,0
B09NS4PMJP,FBA75358,0,0
B09P76TVHW,FBA75340,0,0
B09P78B1H6,FBA75337,0,0
B09PCBZ6G6,FBA75387,0,0
B09PF9YZY8,FBA75356,0,0
B09PFB24ZQ,FBA75323,0,0
B09PFBF5FM,FBA75322,0,0
B09PFBTBWC,FBA75324,0,0
B09PFBVTQH,FBA76752,0,0
B09PFBYBDF,FBA75311,0,0
B09PFC4LVZ,FBA76868,0,0
B09PFC5T15,FBA75318,0,0
B09PFC9NK4,FBA75309,0,0
B09PFCCXVZ,FBA75312,0,0
B09PFD8RM3,FBA75321,0,0
B09PFDLTGV,FBA75308,0,0
B09PFF4556,FBA76930,0,0
B09PFFF985,FBA75313,0,0
B09PMHKR27,FBA75288,0,0
B09PMSJVHY,FBA75289,0,0
B09PVDJYM4,FBA75188,0,0
B09Q13KBJ1,FBA76890,0,0
B09Q148G2Z,FBA75307,0,0
B09Q46X84H,FBA75363,0,0
B09Q4BKTG5,FBA75362,0,0
B09Q4V4YW7,FBA75329,0,0
B09Q4YNWTD,FBA75364,0,0
B09Q989F17,FBA77078,0,0
B09QGT937Z,FBA76967,0,0
B09QRL2222,FBA75333,0,0
B09QRTH6W4,FBA75335,0,0
B09QRYGS7J,FBA75332,0,0
B09QS45HTV,FBA75334,0,0
B09R4YFM3Y,FBA75306,0,0
B09R4YL6LH,FBA76969,0,0
B09R4YPN9Q,FBA75379,0,0
B09R4ZX5YR,FBA75353,0,0
B09RQ3J3TB,FBA75392,0,0
B09RQ3MZD3,FBA75294,0,0
B09RQ4V3Z2,FBA75285,0,0
B09RQ4ZWM2,FBA75290,0,0
B09RQ5HBH3,FBA75393,0,0
B09S5TKSJ8,FBA76508,0,0
B09SHHPM9K,FBA75305,0,0
B09SHJ6PFL,FBA75310,0,0
B09SHJ97R4,FBA75331,0,0
B09SHJW6YZ,FBA76502,0,0
B09SHK9WTC,FBA75304,0,0
B09SHKL2D5,FBA75354,0,0
B09SHNCPQS,FBA75357,0,0
B09SHPQMWY,FBA75325,0,0
B09SHQQ13J,FBA75330,0,0
B09SHQSHBF,FBA75326,0,0
B09SHQSJVH,FBA75317,0,0
B09SHR47SG,FBA75316,0,0
B09SHS1GSH,FBA75327,0,0
B09SQZJHFS,FBA77059,0,0
B09V33P4WM,FBA75370,0,0
B09V33RJ2Q,FBA76886,0,0
B09V341P63,FBA75380,0,0
B09VC8MDDB,FBA76330,0,0
B09VC8NN5R,FBA76481,0,0
B09VC98BCT,FBA76509,0,0
B09VJVD8QL,FBA76479,0,0
B09VJYSK6W,FBA76379,0,0
B09VK3HJ28,FBA77032,0,0
B09VK63M56,FBA76484,0,0
B09VKC3HHJ,FBA76478,0,0
B09VKDC23K,FBA76480,0,0
B09VKJGGS6,FBA77089,0,0
B09WJDCGJ9,FBA77015,0,0
B09WJG49GD,FBA77074,0,0
B09WJGMS75,FBA76975,0,0
B09WJHHJQB,FBA76899,0,0
B09WLH1VNP,FBA76977,0,0
B09WLHQ943,FBA76492,0,0
B09WLJ3KDW,FBA76982,0,0
B09WLK4ZSQ,FBA76468,0,0
B09WLK7WKV,FBA76976,0,0
B09WQ43R8T,FBA77080,0,0
B09WQH2VCP,FBA76464,0,0
B09WQRVPHR,FBA76452,0,0
B09WQW1J1P,FBA76461,0,0
B09WQW93HK,FBA77079,0,0
B09WQWDMD3,FBA76454,0,0
B09WQYFCG2,FBA76926,0,0
B09X1Y2H28,FBA77041,0,0
B09X24SD6L,FBA76453,0,0
B09Y5WJCKD,FBA76751,0,0
B09Y5XPZP4,FBA76750,0,0
B09Y5Y4HD9,FBA77085,0,0
B09Y5Z8H8Y,FBA77084,0,0
B09YDJ486V,FBA78889,0,0
B09YDKVBJP,FBA78888,0,0
B09YDLMG2K,FBA76494,0,0
B09YDMJL53,FBA76983,0,0
B09Z5Q194D,FBA77103,1,0
B0B11Y9G7D,FBA76951,0,0
B0B11YHBC1,FBA76966,0,0
B0B1VRN7XJ,FBA76451,0,0
B0B25795NS,FBA76867,0,0
B0B2WTYTHL,FBA75658,0,0
B0B432KWDV,FBA76932,0,0
B0B4362YHJ,FBA76931,0,0
B0B4482LHQ,FBA76505,0,0
B0B448472D,FBA76504,0,0
B0B448N5K2,FBA76503,0,0
B0B44CGVT8,FBA76506,0,0
B0B44JCCT2,FBA76507,0,0
B0B47SCL62,FBA77063,0,0
B0B48B8JY1,FBA77062,0,0
B0B48RKX3D,FBA77061,0,0
B0B4DPX2J2,FBA75673,2172,1036
B0B4DS678Q,FBA75676,21,0
B0B4FVV78V,FBA75682,0,0
B0B4FXDHXW,FBA75685,0,0
B0B4FZS38V,FBA75681,1,0
B0B4G19R58,FBA75674,126,82
B0B4G1HPL5,FBA75692,26,5
B0B4G1PXWV,FBA75680,8,1
B0B4G59Y8W,FBA75689,52,2
B0B4G5JG4P,FBA75691,100,9
B0B4G5ZLTB,FBA75687,1,0
B0B4G763WS,FBA75688,28,11
B0B4G7VWXD,FBA75684,87,56
B0B4G89VQJ,FBA75686,6,0
B0B4G8PH2P,FBA75678,41,10
B0B4G8ZB64,FBA75675,38,53
B0B4G94VP3,FBA75683,83,15
B0B4H4TF4G,FBA77037,0,0
B0B4H4ZQPB,FBA77966,0,0
B0B4H51SJ8,FBA77035,0,0
B0B4H57JQS,FBA77034,0,0
B0B4H5C8MB,FBA76986,0,0
B0B4H5DCCL,FBA76485,0,0
B0B4H5DKRY,FBA76981,0,0
B0B4H5L4KM,FBA77033,0,0
B0B4H5W928,FBA76985,0,0
B0B4H5WF35,FBA76952,0,0
B0B4H66JDK,FBA76486,0,0
B0B4H68Q1Q,FBA76933,0,0
B0B4H6HVRN,FBA77036,0,0
B0B4H6K6J7,FBA76483,0,0
B0B4H6LPNY,FBA76482,0,0
B0B4H6LTYG,FBA76940,0,0
B0B4JRQP22,FBA75679,166,45
B0B4K87PR4,FBA75690,84,80
B0B4KC7VBM,FBA75677,200,142
B0B4WTHLX5,FBA79574,2,0
B0B5THMRPQ,FBA76472,0,0
B0B5TJ2YGX,FBA76473,0,0
B0B5TJ335G,FBA77026,0,0
B0B5TJBJTL,FBA77027,0,0
B0B5TJG5MR,FBA77044,0,0
B0B5TKJJ4J,FBA76471,0,0
B0B5TL647Q,FBA76493,0,0
B0B65XBXKY,FBAA75444,0,0
B0B688NL1N,FBAA75447,0,0
B0B689CVJW,FBAA75446,0,0
B0B68B17RT,FBAA75445,0,0
B0B68BJCL5,FBAA75448,0,0
B0B68DCXS5,FBAA75452,0,0
B0B68DWHMR,FBAA75449,0,0
B0B68FKVC1,FBAA75450,0,0
B0B68GMXR9,FBAA75453,0,0
B0B68HQVXW,FBAA75451,0,0
B0B6YXLHNZ,FBA76476,0,0
B0B6ZDMW5J,FBA77023,0,0
B0B6ZLZXMD,FBA77040,0,0
B0B6ZP6XK7,FBAA75454,0,0
B0B75H4XMH,FBA76973,0,0
B0B75JMKS5,FBA76457,0,0
B0B75JMPCK,FBA76455,0,0
B0B75KNQXX,FBA76458,0,0
B0B75KW253,FBA76448,0,0
B0B75L753H,FBA76459,0,0
B0B75L7P21,FBA76446,0,0
B0B75LB4M7,FBA76456,0,0
B0B75LLWV6,FBA76447,0,0
B0B75LVBKG,FBA76470,0,0
B0B75MD6R7,FBA77019,0,0
B0B75MM9QB,FBA77047,0,0
B0B75MMRB6,FBA76469,0,0
B0B75MY2KX,FBA76971,0,0
B0B75N27W3,FBA76460,0,0
B0B75N2JY3,FBA76968,0,0
B0B7BG3FLW,FBA76974,0,0
B0B7BKLCRT,FBA76462,0,0
B0B7BRFGX6,FBA76970,0,0
B0B7BSWGXV,FBA76449,0,0
B0B7BV7CZ7,FBA77013,0,0
B0B7KGHM29,FBA76477,0,0
B0B8F4YW4G,FBA76984,0,0
B0BBL47VR5,FBA77116,18,3
B0BCSN39CT,FBA76978,0,0
B0BCSSPFYX,FBA77064,0,0
B0BCTB8HDY,FBA76979,0,0
B0BD5DTH9P,FBA77022,0,0
B0BF4S7V8C,FBK76387,0,0
B0BF4T7SWK,FBA76382,0,0
B0BF4TKQKN,FBA76383,0,0
B0BF4VRJJ1,FBA76388,0,0
B0BF4VWQXG,FBA76384,0,0
B0BF4WD8Z8,FBA76385,0,0
B0BF4WQNJR,FBA76391,0,0
B0BF4XF7SD,FBA76389,0,0
B0BF4Y92MW,FBA76865,0,0
B0BF51HCY4,FBA76386,0,0
B0BFBLLZJG,FBA76408,0,0
B0BFBMCTXQ,FBA76407,0,0
B0BFDW7HY5,FBA76409,0,0
B0BFF9KB2T,FBA76410,0,0
B0BFFD156C,FBA76411,0,0
B0BFVMDJ2K,FBA76417,0,0
B0BFVNS8HS,FBA76418,0,0
B0BFW59TRG,FBA76416,0,0
B0BFW5K3F1,FBA76419,0,0
B0BFWD6SNF,FBA76415,0,0
B0BFXL8ZP9,FBA76941,0,0
B0BFXMKX7Q,FBA76939,0,0
B0BFXMXSNY,FBA76918,0,0
B0BFXNB8BG,FBA76791,0,0
B0BFXNMRBP,FBA76937,0,0
B0BFXNNBQV,FBA76936,0,0
B0BFXNP8QP,FBA76784,0,0
B0BFXNZWQJ,FBA76797,0,0
B0BFXP6K7C,FBA76942,0,0
B0BFXPPSL3,FBA76935,0,0
B0BFXPT5ZV,FBA76796,0,0
B0BFXQVRRW,FBA76789,0,0
B0BFXQWN16,FBA76917,0,0
B0BFXQYB4N,FBA76943,0,0
B0BFXRB46S,FBA76778,0,0
B0BFXSMQH1,FBA76782,0,0
B0BFXSX4JZ,FBA76904,0,0
B0BFXTFKNL,FBA76792,0,0
B0BFYG3XRW,FBA76790,0,0
B0BFYG5KJB,FBA76950,0,0
B0BFYGBRWZ,FBA76775,0,0
B0BFYJTMBR,FBA76938,0,0
B0BFYJTTX7,FBA76795,0,0
B0BFYKM7N8,FBA76777,0,0
B0BFYKTDRJ,FBA76774,0,0
B0BFYN195F,FBA76781,0,0
B0BFYN4R69,FBA76780,0,0
B0BFYNMS72,FBA76783,0,0
B0BFYPNMCH,FBA76900,0,0
B0BFYTP28K,FBA76776,0,0
B0BFYTP28L,FBA76972,0,0
B0BFYVMT9K,FBA76906,0,0
B0BFYW24TV,FBA76901,0,0
B0BFYW7MYV,FBA76934,0,0
B0BFYWY6SR,FBA76909,0,0
B0BFZ36LHH,FBA76903,0,0
B0BFZ4VB7K,FBA76910,0,0
B0BFZ5XGCF,FBA76779,0,0
B0BFZ9XJPH,FBA76893,0,0
B0BFZBCTT1,FBA76902,0,0
B0BFZDTYNC,FBA76894,0,0
B0BFZFKY96,FBA78884,0,0
B0BFZFPJ8Q,FBA76908,0,0
B0BFZHWXBM,FBA76896,0,0
B0BFZJKRP5,FBA76907,0,0
B0BFZL8NN2,FBA76771,0,0
B0BFZNJ5MK,FBA76959,0,0
B0BFZNLDYR,FBA76956,0,0
B0BFZPDDFY,FBA76895,0,0
B0BFZQ2CB8,FBA76897,0,0
B0BFZQFMT6,FBA77068,0,0
B0BFZRGPJ6,FBA76772,0,0
B0BFZSCPTZ,FBA76773,0,0
B0BFZTPW3Q,FBA76802,0,0
B0BFZVVKXY,FBA76814,0,0
B0BFZWZVX7,FBA76810,0,0
B0BFZYFRWN,FBA76811,0,0
B0BG11GR72,FBA76807,0,0
B0BG12H65D,FBA76965,0,0
B0BG13GK6L,FBA76809,0,0
B0BG13LF9Z,FBA76803,0,0
B0BG13V927,FBA76770,0,0
B0BG148GJS,FBA76964,0,0
B0BG14G25J,FBA76962,0,0
B0BG15HHBR,FBA76808,0,0
B0BG15TMY9,FBA76812,0,0
B0BG16Y6KY,FBA76813,0,0
B0BG17DJQS,FBO76805,0,0
B0BG18JH7B,FBA76806,0,0
B0BG18MM59,FBA76961,0,0
B0BG18SL5Y,FBA76800,0,0
B0BG196D24,FBA76955,0,0
B0BG1CNLRH,FBA76815,0,0
B0BG1FZYXD,FBA76801,0,0
B0BG1GYD3V,FBA76798,0,0
B0BG1K2F5N,FBA76960,0,0
B0BG1TTGW9,FBA76963,0,0
B0BG36QNQX,FBA76804,0,0
B0BG37WS6N,FBA76958,0,0
B0BG38815H,FBA76954,0,0
B0BG39FDBY,FBA76799,0,0
B0BG8CJXHH,FBA79575,2,0
B0BGL16PJR,FBA78924,0,0
B0BGMNKCNT,FBA76665,0,0
B0BGXV5P4R,FBA76946,0,0
B0BGXVP69P,FBA76945,0,0
B0BGXXSD32,FBA76944,0,0
B0BH4YQL32,FBA76487,0,0
B0BHBWW5NX,FBA76788,0,0
B0BHBYNCLL,FBA76919,0,0
B0BHC4LB5F,FBA76920,0,0
B0BHC6V1KT,FBA77225,0,0
B0BHC844S9,FBA76785,0,0
B0BHCG5D9F,FBA76787,0,0
B0BHCJHWCL,FBA76786,0,0
B0BHCLGJMZ,FBA76927,0,0
B0BHCNWTMZ,FBA77224,0,0
B0BHJ17G26,FBA76747,0,0
B0BHJ35X2F,FBA78891,0,0
B0BHZH13QW,FBK78984,0,0
B0BJZNQYVB,FBA76413,0,0
B0BLC9VYJ8,FBA77071,0,0
B0BLD1S5W5,FBA77093,0,0
B0BLJVJ2GN,FBA76414,435,224
B0BLK31PYH,FBA76715,0,0
B0BLK6P24G,FBA76717,0,0
B0BLK7VQ2N,FBA76744,0,0
B0BLK8DNPD,FBA76716,9,0
B0BLK8PXNY,FBA76743,0,0
B0BLKB55BM,FBA76721,0,0
B0BLKB6FRR,FBA76730,4,0
B0BLKBJ5HN,FBA76742,4,0
B0BLKCB2JY,FBA76732,0,0
B0BLKCDRNB,FBA76727,0,0
B0BLKCJXZR,FBA76733,0,0
B0BLKCSJ7Z,FBA76725,0,0
B0BLKCWZQD,FBA76720,4,0
B0BLKCXQRT,FBA76719,0,0
B0BLKD4815,FBA76726,0,0
B0BLKD8FVG,FBA76718,0,0
B0BLKDC4PP,FBA76722,0,0
B0BLKF46QG,FBA76723,4,0
B0BLKGPL4X,FBA76735,0,0
B0BLKH4G5F,FBA76748,0,0
B0BLKHVCDX,FBA76734,0,0
B0BLNC5D8L,FBA76724,0,0
B0BLNCP74M,FBA76728,0,0
B0BLNDQ757,FBA76729,0,0
B0BLRGCNRG,FBA76738,0,0
B0BLRK37TB,FBA76739,0,0
B0BLRKFBBP,FBA76740,0,0
B0BLS2HJ68,FBA76741,0,0
B0BLS63XCL,FBA76736,0,0
B0BLVB8VTH,FBA76412,0,0
B0BLYTJ4D8,FBA76947,0,0
B0BLYV514P,FBA76793,0,0
B0BLYVPDNT,FBA76948,0,0
B0BLZ51GCZ,FBA76794,0,0
B0BMLQMDJW,FBA76949,0,0
B0BMQQQ7YD,FBA76765,0,0
B0BMV1WPHL,FBK76764,0,0
B0BNDY71BZ,FBA76859,0,0
B0BNDYQ5ZR,FBA76858,0,0
B0BPHWH5KV,FBA77218,1,0
B0BPLWW72Y,FBA76862,78,74
B0BPLZ5CGV,FBA76864,813,380
B0BPM2T7BQ,FBA76863,62,38
B0BPMBMN3S,FBA77010,0,0
B0BPMN89NG,FBA77011,1,0
B0BPSFLT1B,FBA77009,1,0
B0BPTD3XJL,FBA77053,0,0
B0BPTD8B6Y,FBA77070,0,0
B0BPTDHN5H,FBA77069,0,0
B0BPTFJ6CP,FBA77072,0,0
B0BQ33ND52,FBA78015,0,0
B0BQ33TP6W,FBA78007,0,0
B0BQ34DFX7,FBA78006,0,0
B0BQ34LCJQ,FBA78005,0,0
B0BQ34TRDX,FBA78013,0,0
B0BQ358RXK,FBA78014,0,0
B0BQ35JRM3,FBA78012,0,0
B0BQ7H7418,FBA76597,46,45
B0BQPGHSJ4,FBA78011,0,0
B0BQPQ1GS3,FBA78010,0,0
B0BQPRYV1N,FBA78009,0,0
B0BQQ31V27,FBA78008,0,0
B0BQZFQQVK,FBA77979,0,0
B0BQZFWZPT,FBA77985,0,0
B0BQZFZ8S7,FBA77993,0,0
B0BQZG31Q7,FBA77968,0,0
B0BQZG6C28,FBA77981,0,0
B0BQZGHB8K,FBA77969,0,0
B0BQZGJHKV,FBA77967,0,0
B0BQZGKQNR,FBA77974,0,0
B0BQZGN7GD,FBA77975,0,0
B0BQZGST57,FBA77987,0,0
B0BQZGY91N,FBA77984,0,0
B0BQZGYMKP,FBA77986,0,0
B0BQZGZSQ9,FBA77971,0,0
B0BQZH3LGP,FBA77972,0,0
B0BQZH3MWB,FBA77983,0,0
B0BQZH3VY2,FBA77970,0,0
B0BQZHK16F,FBA77980,0,0
B0BR5CHBF9,FBA77998,0,0
B0BR5D4QNH,FBA77989,0,0
B0BR5DZQSN,FBA77988,0,0
B0BR5FB7R3,FBA77990,0,0
B0BR5G1GXV,FBA77997,0,0
B0BR5G7NTP,FBA77992,0,0
B0BR5HRCFT,FBA78016,0,0
B0BRCR2QQ7,FBA79576,3,0
B0BRKDLXCD,FBA79112,0,0
B0BRKFP94K,FBA79111,15,0
B0BRQZH5Q9,FBA77991,0,0
B0BS498FJY,FBA78000,0,0
B0BS4B383Z,FBA77994,0,0
B0BS4BFLZW,FBA77995,0,0
B0BS4BHNVN,FBA77996,0,0
B0BS4CMR57,FBA77999,0,0
B0BSHTX51F,FBA79220,0,0
B0BSHZLS91,FBA77978,0,0
B0BSJ6LXN2,FBA77976,0,0
B0BSJCNLL9,FBA77973,0,0
B0BSJD3VMM,FBA77977,0,0
B0BSJH9YWQ,FBA77982,0,0
B0BSJY1SC7,FBA78003,0,0
B0BSJYZFPW,FBA78002,0,0
B0BSK2DN4J,FBA78004,0,0
B0BSKB2WJZ,FBA78001,0,0
B0BTCXQQ6M,FBA79113,14,0
B0BTTWTLZD,FBA78278,0,0
B0BVHZ5MKZ,FBK77102,42,10
B0BYHHSLPC,FBA79116,83,24
B0C325NVBQ,FBA78930,0,0
B0C4YSV3XL,FBA78206,2,0
B0C4YT43Z3,FBA78204,0,0
B0C4YTNJG7,FBA78203,6,1
B0C539RBGL,FBA78205,3,0
B0C53CQV5Z,FBA78207,0,0
B0C55M2GBN,FBA78419,0,0
B0C55MY66L,FBA78424,0,0
B0C55QXL83,FBA78425,0,0
B0C594FZLM,FBA78421,0,0
B0C5957W3P,FBA78420,9,0
B0C598MNMC,FBA78422,0,0
B0C598Q6PT,FBA78423,10,0
B0C59G1C4N,FBA76737,0,0
B0C624Y9YC,FBA78932,0,0
B0C62DNLSB,FBA78933,0,0
B0C77N451W,FBA79035,0,0
B0C77NP17S,FBA79025,0,0
B0C77NPQFH,FBA79056,0,0
B0C77PP76Y,FBA79020,0,0
B0C77PPS9S,FBA79018,0,0
B0C77PQTRL,FBA79038,0,0
B0C77PRQ45,FBA79022,0,0
B0C77Q5TQ5,FBA79222,0,0
B0C7WHR9Q4,FBA79037,0,0
B0C7WJWXYK,FBA79039,0,0
B0C7WKTMFC,FBA79030,0,0
B0C7WL5TJY,FBA79387,0,0
B0C7WLCNG5,FBA79225,0,0
B0C7WLLHPG,FBA79036,0,0
B0C7WLVKZ7,FBA79057,0,0
B0C7WMP6DR,FBA79026,0,0
B0C891Q6YH,FBA79700,1,0
B0C89RHY4W,FBA79031,0,0
B0C8JDHLX9,FBA79115,2,0
B0C9RYFN4R,FBA79325,0,0
B0CBC7QMNV,FBA78925,18,0
B0CBCB82MT,FBA78960,48,34
B0CBCB9S14,FBA78961,2,0
B0CBCTFVYL,FBA79046,0,0
B0CBCTMFH9,FBA79050,0,0
B0CBCWGTGR,FBA79029,0,0
B0CBJX85Q2,FBA78766,0,0
B0CBJX8WGY,FBA78765,0,0
B0CBJZGW7X,FBA78767,0,0
B0CC39ZJQP,FBA79066,0,0
B0CC3BJKGN,FBA79065,0,0
B0CC3TDH61,FBA79067,0,0
B0CCH7X8PV,FBA79019,0,0
B0CCH8YCX5,FBA79028,0,0
B0CCH9FDC8,FBA79017,0,0
B0CCH9NG33,FBA79024,0,0
B0CCH9RFWT,FBA79032,0,0
B0CCHCM3XZ,FBA79023,0,0
B0CCHGLV6Y,FBA79051,0,0
B0CCHHFWZ8,FBA79033,0,0
B0CCHHGG9B,FBA79048,0,0
B0CCHHHGNW,FBA79021,0,0
B0CCHK7FMH,FBA79041,0,0
B0CCHKHCTD,FBA79040,0,0
B0CCHLL1ZJ,FBA79377,0,0
B0CCHLPN35,FBA79043,0,0
B0CCHMD6QH,FBA79047,0,0
B0CCHMS5GB,FBA79049,0,0
B0CCHN2G71,FBA79052,0,0
B0CCHNDR2F,FBA79042,0,0
B0CCHNK41V,FBA79044,0,0
B0CCHPCH6Q,FBA79045,0,0
B0CCHPQ3VG,FBA79053,0,0
B0CCK99DC9,FBA79027,0,0
B0CCV74CL7,FBA79114,34,7
B0CCVBQRFX,FBA79582,0,1
B0CDPMX152,FBA78980,515,512
B0CDPP45BM,FBA78981,1118,1051
B0CDPQXPC1,FBK78979,0,0
B0CDQ55W2M,FBA78995,6,0
B0CDQ5NBH8,FBA78998,0,0
B0CDQ5Y3YB,FBA78997,0,0
B0CDQ6G4TC,FBA78996,0,0
B0CDQ98FDM,FBA78994,0,0
B0CDQHYGLW,FBA79221,0,0
B0CF5PCL34,FBA78978,0,0
B0CF5R3V95,FBA78973,296,229
B0CF5RRTDJ,FBA78974,39,0
B0CF5SHL15,FBA78976,67,0
B0CF5T1LFR,FBA78970,0,0
B0CF5T89FT,FBA78972,0,0
B0CF5TCQKL,FBA78975,172,161
B0CF5TDLFH,FBA78971,0,0
B0CF5TVDRT,FBA78977,0,0
B0CF5WXWFH,FBA78986,0,0
B0CF5XZR93,FBA79144,0,0
B0CF5YHM2B,FBA79034,0,0
B0CF61X2BG,FBA79148,0,0
B0CF9BY345,FBA79004,0,0
B0CFBB587Z,FBA79223,0,0
B0CFBCTN93,FBA79224,0,0
B0CFH6C6YM,FBA79003,0,0
B0CFKHCQ8W,FBA79585,9,8
B0CFKZ72N7,FBA79578,0,0
B0CFVHJFCP,FBA79135,0,0
B0CFVJMFQG,FBA79138,0,0
B0CFVK4PYT,FBA79136,0,0
B0CFVK9JGB,FBA79139,0,0
B0CFVLZK77,FBA79131,0,0
B0CFVNFKTT,FBA79134,0,0
B0CGF52WWF,FBA78773,0,0
B0CGF7HXXL,FBA78772,0,0
B0CGF7MQMF,FBA78775,0,0
B0CGF82HTJ,FBA78774,0,0
B0CGS2G5SG,FBA79124,0,0
B0CGS3JMKL,FBA79127,0,0
B0CGS3M4V8,FBA79126,0,0
B0CGSKKXRC,FBA79123,0,0
B0CGSLRBY2,FBA79129,0,0
B0CGSLTDL1,FBA79128,0,0
B0CGSQGH17,FBA79122,0,0
B0CH4PMR8K,FBA79009,63,8
B0CH4R1V6S,FBA79016,43,0
B0CH4RNWJX,FBA79011,164,27
B0CH4RT4P8,FBA79008,27,0
B0CH4T2BJD,FBA79010,59,4
B0CH4TDGPG,FBA79013,0,0
B0CH4THGGM,FBA79012,0,0
B0CH4VCD6R,FBA77171,218,195
B0CH4WFQF6,FBA79014,0,0
B0CH9JR3HL,FBA79586,6,0
B0CHXGWVZJ,FBA80095,0,0
B0CHXS5XYF,FBA79156,0,0
B0CHXTNMNX,FBA79152,0,0
B0CHXTV16D,FBA79158,0,0
B0CJ6XZVWD,FBA79142,0,0
B0CJ6YYMXY,FBA79146,0,0
B0CJ6ZHK1S,FBA79143,0,0
B0CJ6ZM1PP,FBA79147,0,0
B0CJ6ZW8F6,FBA79145,0,0
B0CJ6ZW8FP,FBA79141,0,0
B0CJJXL9TJ,FBA80246,0,0
B0CJNBQM1M,FBA79140,0,0
B0CJNBZK2L,FBA79130,0,0
B0CJQLHDXS,FBA79137,0,0
B0CJR76Y7G,FBA79064,67,0
B0CKF826RX,FBA79153,0,0
B0CKF924H6,FBA79133,0,0
B0CKF92H2F,FBA79125,0,0
B0CKF93FBB,FBA79132,0,0
B0CKF9BMZC,FBA79155,0,0
B0CKFB82R6,FBA79119,0,0
B0CKFBG1TN,FBA79120,0,0
B0CKFC4DDH,FBA79154,0,0
B0CKFC6DFF,FBA79157,0,0
B0CKHVHVQ1,FBA79005,401,205
B0CKTNQBN3,FBA79121,0,0
B0CLH7G5WH,FBA79070,0,0
B0CLH9H16G,FBA80245,0,0
B0CM6NTWBP,FBA79103,185,30
B0CM6NVLT9,FBA79104,175,90
B0CM6WH4ZT,FBA79105,127,6
B0CM9HYVDM,FBA79109,201,126
B0CM9KJZWQ,FBA79106,45,3
B0CM9L1QZG,FBA79108,75,1
B0CM9P5CCK,FBA79107,35,0
B0CPFN27Z2,FBA79164,0,0
B0CPFNW4VN,FBA79171,0,0
B0CPFP9ZL4,FBA79166,0,0
B0CPFPT6DZ,FBA79165,0,0
B0CPFQSJXC,FBA79169,0,0
B0CPFS24ML,FBA79167,0,0
B0CPFT55CF,FBA79170,0,0
B0CPT25SD8,FBA79176,0,0
B0CPT2NY5M,FBA79178,0,0
B0CPT2YJX2,FBA79175,0,0
B0CPT34B2L,FBA79177,0,0
B0CPT3Q25C,FBA79179,0,0
B0CPXVV5XN,FBA79180,0,0
B0CPXWXCBS,FBA79183,0,0
B0CPXXJM6C,FBA79181,0,0
B0CPXXYY6H,FBA79182,0,0
B0CQ2R3LPH,FBA79218,0,0
B0CQX3VB1R,FBA79696,118,98
B0CQX4GVSB,FBA79579,0,0
B0CQX4K9P5,FBA79697,86,6
B0CQX9ZZMH,FBA79229,4,0
B0CR5FXW27,FBA79337,0,0
B0CR5FXW28,FBA79281,0,0
B0CR5G3NRL,FBA79286,0,0
B0CR5G4V4Z,FBA79308,0,0
B0CR5GDM2S,FBA79296,0,0
B0CR5H5X3Y,FBA79306,0,0
B0CR5JQFD5,FBA79321,0,0
B0CR5L23PJ,FBA79320,0,0
B0CR5LNQNX,FBA79285,0,0
B0CR5M6WTT,FBA79287,0,0
B0CR5M771K,FBA79297,0,0
B0CR5NKB4C,FBA79322,0,0
B0CR5P9ZFS,FBA79295,0,0
B0CR5PCJBV,FBA79282,0,0
B0CR5PZRNY,FBA79305,0,0
B0CR5QRNQN,FBA79302,0,0
B0CR5RR8Z6,FBA79283,0,0
B0CR5RZRMH,FBS79303,0,0
B0CR5S175Y,FBA79317,0,0
B0CR5V833Y,FBA79284,0,0
B0CR5VM75P,FBA79314,0,0
B0CR5VWBXZ,FBA79307,0,0
B0CRCSV39D,FBA79294,0,0
B0CRCTQH1Y,FBA79315,0,0
B0CRCTQH2C,FBA79292,0,0
B0CRCWV9DV,FBA79334,0,0
B0CRCXX8P8,FBA79291,0,0
B0CRCY989H,FBA79301,0,0
B0CRCYMKY8,FBA79340,0,0
B0CRCZ8TGK,FBA79324,0,0
B0CRCZSH5V,FBA79342,0,0
B0CRCZYDY6,FBA79311,0,0
B0CRD1DRXG,FBA79335,0,0
B0CRD1NDWC,FBA79313,0,0
B0CRD29D6X,FBA79316,0,0
B0CRD2CVZL,FBA79319,0,0
B0CRD2NV7F,FBA79338,0,0
B0CRD338RF,FBA79300,0,0
B0CRD3N25B,FBA79298,0,0
B0CRD3QWVJ,FBA79323,0,0
B0CRD5XBPH,FBA79309,0,0
B0CRD7DH79,FBA79336,0,0
B0CRD7VDBF,FBA79304,0,0
B0CRD86YPW,FBA79290,0,0
B0CRDCMZX2,FBA79318,0,0
B0CRDDTL72,FBA79339,0,0
B0CRDFSNF1,FBA79293,0,0
B0CRDG22TQ,FBA79289,0,0
B0CRSQDJJ5,FBA79310,0,0
B0CRT23BD5,FBA79312,0,0
B0CS69T7HF,FBA79233,0,0
B0CSCT63BL,FBA79577,31,1
B0CSG2JZ19,FBA79234,0,0
B0CSG3FC4G,FBA79258,0,0
B0CSK4ZCQH,FBA79341,0,0
B0CSK63BKG,FBA79343,0,0
B0CW1JJP9S,FBA79174,0,0
B0CWR5S3R7,FBA79407,0,0
B0CWRLQ99S,FBA79409,0,0
B0CX1XK5R6,FBA79230,5,1
B0CYHMB8LR,FBA79457,0,0
B0CYMWQCKL,FBA79418,0,0
B0CYN8F826,FBA79408,0,0
B0CYNH9X11,FBS79417,0,0
B0CYNMJNWY,FBA79410,0,0
B0CYSLCRQS,FBA79263,592,480
B0CYSMBCB8,FBA79262,0,0
B0CZ8X8CBD,FBA79432,0,0
B0CZ8ZKPJ9,FBA79421,0,0
B0CZ91YKMP,FBA79422,0,0
B0CZ939KB2,FBA79429,0,0
B0CZ93BN92,FBS79428,0,0
B0CZ93H6TX,FBA79427,0,0
B0CZ93JG5X,FBA79426,0,0
B0CZ94B6QL,FBA79423,0,0
B0CZ9BTN24,FBS79424,0,0
B0CZ9HTWNC,FBA79425,0,0
B0CZSDZ5V1,FBA79420,0,0
B0CZSF6LVY,FBA79419,0,0
B0CZSFTY4V,FBA79431,0,0
B0D25LNDSY,FBA79346,57,0
B0D2LD6BYJ,FBA79267,80,20
B0D2LFMY48,FBA79272,49,0
B0D2LGR3GG,FBA79266,0,0
B0D2LHNS9B,FBA79265,238,20
B0D2LJSQXZ,FBA79276,149,20
B0D2LKB4BJ,FBA79273,30,0
B0D2P5TGWK,FBA79373,163,50
B0D2P6KF4N,FBA79375,0,0
B0D2P7WLJB,FBA79374,82,0
B0D383WQPB,FBA79268,241,0
B0D3LK9RMZ,FBK79458,0,0
B0D3LZWTHV,FBA79379,85,48
B0D3M13T6H,FBA79389,0,0
B0D3M1B4Z8,FBA79380,230,22
B0D3M86SH1,FBA79355,73,11
B0D3Q2T5XX,FBA79356,36,0
B0D637B562,FBA79352,0,0
B0D63DTKQB,FBA79333,0,0
B0D63FKYZ5,FBA79332,16,0
B0D672NXC8,FBA79277,40,30
B0D67727VG,FBP79350,236,0
B0D81DLSFT,FBA79348,122,0
B0D83Q7L8W,FBA79271,173,24
B0D842173P,FBK79347,18,0
B0D8445KJN,FBA79279,115,0
B0D845B2DG,FBA79280,200,0
B0D84J8WCY,FBA79509,0,0
B0D84RCLBZ,FBA79511,0,0
B0D84XVSNJ,FBA79510,0,0
B0D84YD59Y,FBA79518,0,0
B0D84YFDSK,FBA79508,0,0
B0D84YY632,FBA79512,0,0
B0D85171BL,FBA79517,0,0
B0D853GV8P,FBA79519,0,0
B0D853Y52R,FBA79513,0,0
B0D854LDQM,FBA79514,0,0
B0D8572WTJ,FBA79515,0,0
B0D858SPK4,FBA79520,0,0
B0D85F9QCK,FBS79516,0,0
B0D86Y2V7V,FBA79461,0,0
B0D86ZC9YT,FBA79278,72,0
B0D933B79H,FBA79533,0,0
B0D9345QY7,FBA79507,0,0
B0D935CGMF,FBA79502,0,0
B0D935L6L9,FBA79505,0,0
B0D935S1B3,FBA79503,0,0
B0D935TKFD,FBA79500,0,0
B0D935TWSR,FBA79504,0,0
B0D935VW9J,FBA79501,0,0
B0D935VW9Z,FBA79531,0,0
B0D9361BZL,FBA79535,0,0
B0D9362N4Q,FBA79529,0,0
B0D9363BB2,FBA79498,0,0
B0D93652ZY,FBA79528,0,0
B0D9369MTM,FBA79530,0,0
B0D936CMG1,FBA79496,0,0
B0D936FLK4,FBA79497,0,0
B0D936GDTN,FBA79536,0,0
B0D936GPVL,FBA79527,0,0
B0D936P9C1,FBA79538,0,0
B0D936RRVB,FBA79506,0,0
B0D936YHDH,FBA79499,0,0
B0D9375CSY,FBA79537,0,0
B0D9536B5Z,FBA79546,0,0
B0D954M6YQ,FBA79525,0,0
B0D954PXP2,FBA79534,0,0
B0D954Y6Y9,FBA79550,0,0
B0D955B6SX,FBA79540,0,0
B0D955BTMH,FBA79549,0,0
B0D955BY7N,FBA79541,0,0
B0D955GKXF,FBA79553,0,0
B0D955GP1C,FBA79542,0,0
B0D955H882,FBA79561,0,0
B0D955L5S7,FBA79539,0,0
B0D955NZTN,FBA79557,0,0
B0D955VQ4S,FBA79545,0,0
B0D955XVDB,FBA79551,0,0
B0D955YGX7,FBA79556,0,0
B0D9564Z9T,FBA79555,0,0
B0D9568856,FBA79554,0,0
B0D9568SN6,FBA79552,0,0
B0D9568SNM,FBA79560,0,0
B0D956LFQW,FBA79532,0,0
B0D956QV47,FBA79544,0,0
B0D956WQVM,FBA79543,0,0
B0D9573TBX,FBA79558,0,0
B0D9574DPS,FBA79526,0,0
B0D9KB2RTT,FBA79351,0,0
B0D9KCKY9F,FBA79451,0,0
B0D9KCNVNM,FBA79381,36,0
B0D9KDQCCM,FBA79349,270,0
B0D9KFP4MG,FBA79405,78,0
B0D9KFQG8Q,FBA79443,69,0
B0D9KFZYG8,FBA79404,113,0
B0D9ZN5NBD,FBA79636,0,0
B0DB1J1HST,FBA79495,0,0
B0DB1JQS43,FBA79494,0,0
B0DB5VG39T,FBA79476,72,22
B0DB5VVPSB,FBA79477,74,3
B0DB5W4TCP,FBA79478,62,15
B0DB5YTQZV,FBA79479,51,6
B0DB84LXHN,FBA79548,0,0
B0DB868YH6,FBA79547,0,0
B0DC3JRBW1,FBA79433,0,0
B0DC3NPKGF,FBA79435,0,0
B0DC3SJMZ6,FBA79434,0,0
B0DC64BD5R,FBA79637,0,0
B0DC674ZNR,FBA79638,0,0
B0DCGHKRXX,FBA79440,158,0
B0DCGHVN81,FBA79452,268,174
B0DCK3N2JJ,FBA79406,77,5
B0DCK4DR1B,FBA79469,34,0
B0DCK56Q85,FBA79463,56,0
B0DCK7J87D,FBA79468,0,0
B0DCK7ZH5P,FBA79439,242,0
B0DDC3GVZW,FBA79480,38,0
B0DFCDKMWR,FBA79464,6,0
B0DFCDZWND,FBA79472,127,60
B0DFCG2VGS,FBA79488,206,6
B0DFD123P5,FBA79489,13,12
B0DFM4JZV9,FBA79466,7,0
B0DFMKY4TT,FBA79448,42,11
B0DFMLQBMC,FBA79444,23,0
B0DFMLS8JG,FBA79445,65,14
B0DFMLXD9S,FBA79447,22,2
B0DFMMTWLY,FBA79446,51,3
B0DFMNGFTD,FBA79449,10,4
B0DFMQCGT1,FBA79465,29,0
B0DFMRG2K4,FBA79481,1,0
B0DFTVZPM8,FBAM75673,1926,0
B0DGTGKPJR,FBA79436,0,0
B0DHRQPGGM,FBA79588,0,0
B0DJ2V3TH2,FBA79640,0,0
B0DJ2VFZWN,FBA79641,0,0
B0DJ2VY8GL,FBA79648,0,0
B0DJ2W8W79,FBA79649,0,0
B0DJ2WJ9R7,FBA79644,0,0
B0DJ2WKCPD,FBA79631,0,0
B0DJ2WNH1Y,FBA79645,0,0
B0DJ2WP1M5,FBA79651,0,0
B0DJ2WRCPS,FBA79635,0,0
B0DJ2X1477,FBA79629,0,0
B0DJ2XCDJ1,FBA79618,0,0
B0DJ2XDV59,FBA79647,0,0
B0DJ2XHK2N,FBA79633,0,0
B0DJ2XK4NR,FBA79646,0,0
B0DJ2XNSD2,FBA79643,0,0
B0DJ2XQB3P,FBA79639,0,0
B0DJ2XWYX7,FBA79650,0,0
B0DJ2Y1BG6,FBA79632,0,0
B0DJ2Y4J4Q,FBA79642,0,0
B0DJ2YM76K,FBA79630,0,0
B0DJ2Z41C1,FBA79619,0,0
B0DJ2Z6JSW,FBA79634,0,0
B0DJFH4K8B,FBA79474,4,0
B0DJFH6RTL,FBA79473,16,0
B0DJFJZMC6,FBA79475,1,0
B0DK9LYT4P,FBA79467,68,0
B0DK9NRBWJ,FBA79483,46,0
B0DK9QNKK8,FBA79485,10,0
B0DKJ7XJJ2,FBA79621,0,0
B0DKJBJBX6,FBA79628,0,0
B0DKJG6R31,FBA79623,0,0
B0DKJH623H,FBA79625,0,0
B0DKJHJV6T,FBA79624,0,0
B0DKJHSD8R,FBA79627,0,0
B0DKJJBBTS,FBA79620,0,0
B0DKJJDZSF,FBA79626,0,0
B0DKJQDKPD,FBA79622,0,0
B0DKJRML4K,FBA79569,0,0
B0DKJSCLBD,FBA79566,41,0
B0DKJVWM8Q,FBA79572,0,0
B0DKJXRXKM,FBA79570,21,10
B0DKJZDY72,FBA79565,17,0
B0DKK12XWR,FBA79571,0,0
B0DKK15YNJ,FBA79573,63,0
B0DM66B2DW,FBA79591,0,0
B0DM6BB3VT,FBA79590,76,0
B0DM6MG4ZH,FBA79594,0,0
B0DMSHZXG2,FBA79595,0,0
B0DMSMKRD9,FBA79592,0,0
B0DMSSLXST,FBA79593,0,0
B0DMT19RWC,FBA79596,39,0
B0DN6LJZBR,FBA79653,19,0
B0DN6MNS1X,FBA79654,78,0
B0DN6PFWNK,FBA79655,37,8
B0DNJF1BLS,FBA79484,5,0
B0DNJHKZ2G,FBA79597,0,0
B0DNJJKBKG,FBK79598,17,0
B0DNJP9T35,FBA79589,0,0
B0DNJS23HS,FBA79567,604,304
B0DP2VVRND,FBA79613,83,84
B0DP2WC5VW,FBA79612,63,10
B0DP2Z5DQ9,FBA79615,22,20
B0DP313R77,FBA79614,4,4
B0DP3194QN,FBA79616,1,0
B0DP32F346,FBA79617,125,18
B0DP5HM2ZR,FBA79756,0,0
B0DP5J526J,FBA79761,0,0
B0DP5J7VF3,FBA79759,0,0
B0DP5JYG31,FBA79760,0,0
B0DP5KBJ7H,FBA79758,0,0
B0DQ1NV8D2,FBA79659,0,0
B0DQ1PKNSP,FBA79658,0,0
B0DQ4YWSMC,FBA79662,0,0
B0DQ4ZK2WQ,FBA79660,0,0
B0DQ51R95T,FBA79661,0,0
B0DQ8W1RBV,FBK79271,60,6
B0DQCWRG3H,FBA79493,340,0
B0DQPFL835,FBA79663,0,0
B0DQPG9FSN,FBA79666,0,0
B0DQPGLK2T,FBA79670,0,0
B0DQPGZWPF,FBA79665,0,0
B0DQPK7MFH,FBA79667,0,0
B0DQPKMRN1,FBA79664,0,0
B0DQPLCZ3G,FBA79668,0,0
B0DQPLMQQ7,FBA79669,0,0
B0DRD8J8R5,FBA79599,0,0
B0DSBN62LR,FBA79738,0,0
B0DSBN63D1,FBA79730,0,0
B0DSBPCW8R,FBA79736,0,0
B0DSBPGKDR,FBA79737,0,0
B0DSBPPPJ9,FBA79741,0,0
B0DSBPRB2W,FBA79739,0,0
B0DSBPT3J3,FBA79750,0,0
B0DSBQ8JV7,FBA79757,0,0
B0DSBQCZTK,FBA79731,0,0
B0DSBQDZNV,FBA79746,0,0
B0DSBQL4PK,FBA79747,0,0
B0DSBQMHMD,FBA79744,0,0
B0DSBQN2B9,FBA79749,0,0
B0DSBQWH32,FBA79743,0,0
B0DSBQYVSM,FBA79754,0,0
B0DSBR61QS,FBA79901,0,0
B0DSBR8G7Y,FBA79735,0,0
B0DSBRP3HX,FBA79732,0,0
B0DSBRPS7R,FBA79740,0,0
B0DSBRQNM8,FBA79742,0,0
B0DSBRWZ8N,FBA79755,0,0
B0DSBS17RY,FBA79733,0,0
B0DSBSD26P,FBA79753,0,0
B0DSBSGK17,FBA79748,0,0
B0DSBSVS4X,FBA79745,0,0
B0DSBSWW5G,FBA79751,0,0
B0DSBT4S4K,FBA79752,0,0
B0DSBT6FW8,FBA79734,0,0
B0DSG2BD4H,FBA79608,0,0
B0DSG4F8D9,FBA79610,0,0
B0DSG5PX7M,FBA79609,0,0
B0DSG694P2,FBA79611,0,0
B0DT2KTXK3,FBA79728,0,0
B0DT2Q1R2H,FBA79800,0,0
B0DT2QDBS3,FBA79723,0,0
B0DT2S2Y7F,FBA79726,0,0
B0DT2XZNK5,FBA79799,0,0
B0DT2Y9HRM,FBA79729,0,0
B0DT2ZQV18,FBA79796,0,0
B0DT2ZS8T4,FBA79724,0,0
B0DT31Q99D,FBA79801,0,0
B0DT322B7L,FBA79797,0,0
B0DT32JDPV,FBA79798,0,0
B0DT34RQM2,FBA79808,0,0
B0DT36621X,FBA79725,0,0
B0DT37Y5FY,FBA79902,0,0
B0DT381WY9,FBA79727,0,0
B0DT3F8L97,FBA79795,0,0
B0DT6T6N6B,FBA79694,668,892
B0DT6Y7KJM,FBA79492,33,0
B0DTK4FY1G,FBA79698,33,0
B0DTYDTKN8,FBA79699,10,0
B0DTYHXMRQ,FBA79260,11,0
B0DV8TR64D,FBA79688,0,0
B0DV8V3Y88,FBAM79685,0,0
B0DV8XH455,FBA79674,0,0
B0DV91JGF1,FBA79676,0,0
B0DV931G48,FBA79690,2,0
B0DV94R4QD,FBA79686,16,0
B0DV9CY3XR,FBA79687,21,0
B0DV9MYK6S,FBA79675,0,0
B0DVC58QPZ,FBA79692,175,0
B0DVC7VJP1,FBA79679,166,96
B0DVC8NYY2,FBA79682,243,18
B0DVC91Q7J,FBA79693,1,0
B0DVC968P1,FBA79681,1,0
B0DVC9PRSD,FBA79683,28,0
B0DVC9Q219,FBA79684,0,0
B0DVCBR11D,FBA79677,35,20
B0DVCDD5VC,FBA79678,24,10
B0DVSZ2VVJ,FBA79689,10,0
B0DXFPM4N2,FBA79482,396,161
B0F1469QLH,FBA79817,0,0
B0F146Y33S,FBA79818,1,0
B0F29SZCVF,FBK79591,39,0
B0F2HYY7JF,FBA79722,28,6
B0F2MZ8CG9,FBA79716,0,0
B0F2MZ9BJS,FBA79717,5,0
B0F2N11VTN,FBA79607,21,0
B0F2N1HTBT,FBA79714,0,0
B0F2N31GNX,FBA79657,4,0
B0F2N37819,FBA79606,21,0
B0F2N4N83Y,FBA79721,17,0
B0F43P6D23,FBA79652,961,900
B0F5X2C11Z,FBA79779,0,0
B0F67775SH,FBA79775,0,0
B0F678L8YT,FBA79771,40,0
B0F678RRCX,FBA79774,0,0
B0F6795PDP,FBA79777,5,0
B0F679QJH4,FBA79776,0,0
B0F67BSF2R,FBA79772,0,0
B0F67BW7SF,FBA79778,8,0
B0F74DJYG6,FBA79773,12,0
B0FCVBJX29,FBA79881,0,0
B0FCVBY986,FBA79879,0,0
B0FCVC5KP6,0,0,0
B0FCVFDZP7,FBA79884,0,0
B0FCVGHVV7,FBA79878,0,0
B0FCVHPY4B,FBA79877,0,0
B0FCVJ3XVX,0,0,0
B0FCVKH4TS,FBA79873,0,0
B0FCVLB3FG,FBA79876,0,0
B0FCVLFLGF,FBA79875,0,0
B0FCVPBY7Y,FBA79882,0,0
B0FCVRKB8C,FBA79883,0,0
B0FF9R3GKK,FBA79783,75,31
B0FFB6YJM1,FBA79708,321,170
B0FFD4KBM7,FBA79868,0,0
B0FFD6XV2K,FBA79872,0,0
B0FFD8Q4K6,FBA79871,0,0
B0FFDJHKR5,FBA79864,0,0
B0FFDJNB8T,FBA79869,0,0
B0FFDLZV1H,FBA79866,0,0
B0FFDM5QJX,FBA79867,0,0
B0FFDSN4S1,FBA79865,0,0
B0FFHXRJNS,FBA79860,0,0
B0FFJ2583H,FBA79861,0,0
B0FFJ4N8BK,FBA79858,0,0
B0FFJ6T8YY,FBA79854,0,0
B0FFJ939GQ,FBA79863,0,0
B0FFJG71QJ,FBA79857,0,0
B0FFJJM7DS,FBA79862,0,0
B0FFJPKHZL,FBA79856,0,0
B0FFJQB51R,FBA79859,0,0
B0FFJQBHGH,FBA79855,0,0
B0FFM8LKFG,FBA79970,120,24
B0FG88HVQ8,FBA79813,741,71
B0FH43K6NT,FBA79853,2,0
B0FH43M37N,FBA79852,0,0
B0FH475LZZ,FBA79851,0,0
B0FHVWHQHR,FBA79790,79,0
B0FJ1ZB4G9,FBA79707,103,20
B0FJ2DT13L,FBA79825,22,18
B0FJ2HZCVN,FBA79823,17,5
B0FJ2J6MTF,FBA79822,32,2
B0FJ2JJZL3,FBA79821,25,10
B0FJ2K95XT,FBA79824,21,2
B0FJ2LQT7K,FBA79826,25,0
B0FJ2RND61,FBA79885,0,0
B0FJ2SQTNR,FBA79880,0,0
B0FJ2SSSZR,FBA79874,0,0
B0FJ8PZ9H7,FBA79833,30,4
B0FJ8S53GW,FBA79832,20,0
B0FJ8S5XJ8,FBA79827,25,0
B0FJ8SFNRH,FBA79809,92,0
B0FJ8T4WXM,FBA79834,19,5
B0FJ8TSQK1,FBA79830,21,65
B0FJ8TWCQZ,FBA79835,23,0
B0FJ8V2LZM,FBA79837,0,0
B0FJ8W5Y9Q,FBA79831,18,0
B0FJ8Z1W81,FBA79836,24,5
B0FJG5PFGQ,FBA79673,59,20
B0FJS57732,FBA80141,100,0
B0FJS7JZ4V,FBK79708,247,0
B0FJZZ4X7Q,FBA79891,0,0
B0FJZZ6J3R,FBA79890,0,0
B0FK1995CB,FBA79896,0,0
B0FK1FC978,FBA79894,0,0
B0FK237HV4,FBA79892,0,0
B0FKBV3N4Y,FBA79895,0,0
B0FKBV4H32,FBA79893,0,0
B0FKBVB3YH,FBA79889,0,0
B0FKBVVZ7P,FBA79887,0,0
B0FKBW8L5H,FBA79886,0,0
B0FKBWS861,FBA79888,0,0
B0FLYHJ6DK,FBK79009,59,8
B0FLYJFC22,FBK79010,58,4
B0FM3KVSHW,FBK79598,0,0
B0FMF1D9NV,FBA79843,40,0
B0FN4D3C89,FBK79788,48,0
B0FN4DSQ6P,FBK79789,279,18
B0FN4FHH5Y,FBK79784,10,0
B0FN4FPJ83,FBK79786,68,0
B0FN4GJ9S1,FBK79790,0,0
B0FN4GQ9HT,FBK79787,139,24
B0FN4HDBN5,FBK79785,0,0
B0FN4HDM6Z,FBK79791,138,0
B0FN4JG97R,FBK79792,1,0
B0FN7B3KWS,FBA79845,26,21
B0FN7C25VS,FBA79846,30,0
B0FN7DYB2M,FBA79844,1,0
B0FN7FYZM3,FBA79847,14,0
B0FN81FD8M,FBK79793,2,0
B0FPGDVVCX,FBA79849,77,20
B0FPR7VFCH,FBA79815,164,0
B0FPR962YS,FBA79816,236,0
B0FQ7WTM8P,FBA79942,0,0
B0FQ832739,FBA79950,0,0
B0FQ8BFNPN,FBA79943,0,0
B0FQ8K147H,FBA79949,0,0
B0FQBTRM28,FBA79841,61,15
B0FQBWV1ST,FBA79840,65,15
B0FQBX8J17,FBA79838,242,103
B0FQBXS6Y2,FBA79839,222,39
B0FQJWWDVK,FBA79820,58,49
B0FR5DLXH9,FBA79903,31,0
B0FRV4KDN4,FBA79924,0,0
B0FRVBBDM9,FBA79925,0,0
B0FRVG8SR6,FBA79921,0,0
B0FRVT4SJ1,FBA79922,0,0
B0FRVZ29NP,FBA79927,0,0
B0FRVZCYH9,FBA79920,0,0
B0FRW51FQF,FBA79923,0,0
B0FRWJ5N3P,FBA79926,0,0
B0FS5QZRYB,FBA79930,0,0
B0FS6JY8XW,FBA79944,0,0
B0FS6M8FSK,FBA79946,0,0
B0FS6N1YT5,FBA79947,0,0
B0FS6TB7CP,FBA79812,184,0
B0FS7T8151,FBA79810,26,0
B0FSF1N457,FBA79811,86,0
B0FT8R24QM,FBA79819,529,0
B0FTK1RVG8,FBA79940,0,0
B0FTK3KCY6,FBA79935,0,0
B0FTK7KQ1P,FBA79937,0,0
B0FTKCRHPQ,FBA79917,0,0
B0FTKJC5JW,FBA79936,0,0
B0FTKNBJY4,FBA79934,0,0
B0FTKWD4HQ,FBA79941,0,0
B0FTL6L4WG,FBA79948,0,0
B0FTL6PH2Z,FBA79938,0,0
B0FTL6QH21,FBA79916,0,0
B0FTL71V28,FBA79945,0,0
B0FTMKHR8H,FBA79918,0,0
B0FTML3VHG,FBA79932,0,0
B0FTMLYC74,FBA79929,0,0
B0FTMM455Z,FBA79933,0,0
B0FTMMBT5P,FBA79919,0,0
B0FTMMHDNH,FBA79951,0,0
B0FTMMNCK7,FBA79931,0,0
B0FTMNTYMX,FBA79939,0,0
B0FTMRC37L,FBA79928,0,0
B0FTVQQVDC,FBA79904,104,77
B0FTVS34SD,FBA79907,28,0
B0FTVSH458,FBA79905,5,0
B0FTVV1QJY,FBA79908,30,21
B0FTVVLNS9,FBA79906,19,12
B0FVM17Q4W,FBA79909,30,15
B0FYNKYJFN,FBA79912,1,0
B0FYNLPK1B,FBA79913,4,0
B0FYNR2XCB,FBA79914,0,0
B0FYNT1TW7,FBA79915,0,0
B0G1YKMFWT,FBP79569,0,0
B0G2C2RCXN,FBA79967,209,30
B0G39ZHDYP,FBA79959,42,54
B0G3B152FR,FBA79960,29,0
B0G3B677Z5,FBA79969,19,11
B0G3Q517Y2,FBA79957,133,0
B0G3Q59X8C,FBA79958,69,0
B0G4DNF8RZ,FBA79842,103,11
B0G53CB72D,FBA79963,1,0
B0G53H49BS,FBA79961,599,223
B0G53KWRVW,FBA79966,9,7
B0G53KWRWH,FBA79964,2,0
B0G53LZNY3,FBA79962,146,90
B0G53M9258,FBA79968,121,51
B0G53PRM34,FBA79965,16,4
B0GCP1J2HC,FBA79972,162,205
B0GD8JSPB1,FBA79974,371,88
B0GDHZ3899,FBA80062,0,0
B0GDHZ5QH8,FBA80029,0,0
B0GDJ33ZQP,FBA80064,0,0
B0GDJ5HLRJ,FBA80028,0,0
B0GDJ5ZSCZ,FBA80066,0,0
B0GDJJ86QY,FBA80038,0,0
B0GDJJBCRP,FBA80059,0,0
B0GDJLX2MP,FBA80065,0,0
B0GDJNQ5K8,FBA80060,0,0
B0GDJNRRMD,FBA80033,0,0
B0GDJPJKSG,FBA80025,0,0
B0GDJR4K6T,FBA80058,0,0
B0GDJXGF4H,FBA80027,0,0
B0GDK6QPGC,FBA80063,0,0
B0GDKG6QRV,FBA80220,0,0
B0GDWZZD4K,FBA80030,0,0
B0GDX6M95H,FBA80221,0,0
B0GDXBGXH2,FBA80034,0,0
B0GDXH64ZW,FBA80032,0,0
B0GDXN1QGR,FBA80026,0,0
B0GDZM3K6W,FBA80039,0,0
B0GF6W4YCD,FBA80072,0,0
B0GF6XC1KP,FBA80050,0,0
B0GF715X4M,FBA80042,0,0
B0GF71BBKV,FBA80073,0,0
B0GF71CV69,FBA80048,0,0
B0GF71S5WW,FBA80235,0,0
B0GF72C48V,FBA80056,0,0
B0GF72GF8N,FBA80069,0,0
B0GF72VQSX,FBA80041,0,0
B0GF72W1XQ,FBA80054,0,0
B0GF73VZZ2,FBA80053,0,0
B0GF74WKKN,FBA80047,0,0
B0GF7561XM,FBA80067,0,0
B0GF78441L,FBA80044,0,0
B0GF785MMZ,FBA80071,0,0
B0GF78NM4J,FBA80043,0,0
B0GF7BHFS4,FBA80238,0,0
B0GF7BLQ27,FBA80070,0,0
B0GF7BR5NH,FBA80046,0,0
B0GF7BSTKP,FBA80051,0,0
B0GF7C1MPD,FBA80055,0,0
B0GF7CZ53H,FBA80052,0,0
B0GF7CZNZC,FBA80237,0,0
B0GF7GZ4K7,FBA80045,0,0
B0GF7J5Y4W,FBA80031,0,0
B0GF7JSSRF,FBA80068,0,0
B0GF7KPRXB,FBA80049,0,0
B0GF7N3S44,FBA80236,0,0
B0GFD7N73D,FBA80061,0,0
B0GGHZWMVW,FBA79971,38,0
B0GHD9GN9C,FBA80223,0,0
B0GHDHD4B9,FBA80040,0,0
B0GHJMFM23,FBA80222,0,0
B0GKNGWLJ2,FBK80015,45,12
B0GKPXQ8G3,FBA80016,203,11
B0GLHC8CB3,FBK80024,142,20
B0GM1CZC7Y,FBA79984,52,40
B0GMPGNXX3,FBA79956,136,0
B0GN2LHJY4,FBA80007,14,0
B0GN321RXQ,FBA79983,0,0
B0GN85NZQN,FBA79991,459,459
B0GN86G345,FBA79989,40,0
B0GN8MFDGZ,FBA79981,24,1
B0GN8MMKY1,FBA79980,41,0
B0GN8MPYPG,FBA79982,8,5
B0GN8N96R5,FBA79988,19,0
B0GN8RQJRG,FBA79979,38,14
B0GN8WW6BC,FBA79993,46,0
B0GN94YDY2,FBA79992,49,0
B0GN97RFPR,FBA79848,181,173
B0GNM35G8X,FBA79814,45,0
B0GQC12GDP,FBA80078,0,0
B0GQCB4PJC,FBA80079,0,0
B0GQGK4GJ7,FBA80081,0,0
B0GQGXR9D7,FBA80080,0,0
B0GQGZVGLL,FBA80082,0,0
B0GTBY2FK6,FBA80249,0,0
B0GTBY76NG,FBA80233,0,0
B0GTC2G6FF,FBA80240,0,0
B0GTC2MW2C,FBA80230,0,0
B0GTC3BMTN,FBA80231,0,0
B0GTC4D5NP,FBA80244,0,0
B0GTC5GQY4,FBA80239,0,0
B0GTC5JGY7,FBA80247,0,0
B0GTC6M3QM,FBA80241,0,0
B0GTC7QS9P,FBA80232,0,0
B0GTC9238R,FBA80224,0,0
B0GTC9239V,FBA80248,0,0
B0GTC998R6,FBA80243,0,0
B0GTC9PS5Z,FBA80225,0,0
B0GTCB716R,FBA80242,0,0
B0GTCF15F4,FBA80234,0,0
B0GTZ9X8Q2,FBA80014,0,0
B0GTZJF142,FBA80012,0,0
B0GTZLGPFR,FBA80013,0,0
B0GTZND3ZN,FBA80011,0,0
B0GV154XPQ,FBA79977,0,0
B0GV15BVQC,FBA79976,0,0
B0GW8R2RYM,FBA80009,68,0
B0GW8VBCBL,FBA79995,98,0
B0GW8XGPB2,FBA80000,3,0
B0GW8YC59C,FBA79998,2,0
B0GW8Z556N,FBA79996,59,3
B0GW8ZQRFK,FBA80010,59,0
B0GW92316G,FBA80004,15,4
B0GW92TQGV,FBA80001,3,0
B0GW92TTMS,FBA80003,23,0
B0GW92TVVC,FBA79999,5,0
B0GW9461N5,FBA79997,0,0
B0GW96CQMG,FBA80005,23,3
B0GW96SHSK,FBA80002,28,0
B0GXP7LJ75,FBA79975,3,0
B0GXP97CZG,FBA80084,39,8
B0GXPBHDRF,FBA80085,38,45
B0GXPGBQB1,FBA80075,5,5
B0GXY7YJWP,FBA80104,5,5
B0GY827J9C,FBA80074,5,5
B0GY857139,FBA80076,5,5
B0GY86ZT1X,FBA80077,0,0
B0GYS6CJD9,FBA80113,17,0
B0GYSMR9G2,FBA80112,0,0
B0GYSS16FJ,FBA80111,16,0
B0GZKXXBC3,FBA80127,0,0
B0H1H3K6B2,FBA80128,586,75
B0H1JN7L2Z,FBA80281,0,0
B0H1JTL93N,FBA80273,0,0
B0H1JTMVMW,FBA80258,0,0
B0H1JXJ5LV,FBA80260,0,0
B0H1JY5HK3,FBA80280,0,0
B0H1JZFQRZ,FBA80262,0,0
B0H1K1N4X4,FBA80261,0,0
B0H1K1W6GJ,FBA80263,0,0
B0H1K1XJBK,FBA80257,0,0
B0H1K216VW,FBA80272,0,0
B0H1K2HBC9,FBA80275,0,0
B0H1K4MHGJ,FBA80279,0,0
B0H1K4MHH4,FBA80259,0,0
B0H1K56S6V,FBA80271,0,0
B0H1K5RK6V,FBA80277,0,0
B0H1KB3F39,FBA80276,0,0
B0H1MTP2ZP,FBA80143,140,0
B0H25S24K1,FBA80144,0,0
B0H2FCK54H,FBA80106,5,5
B0H2FNV2RC,FBA80105,5,5
B0H2Z6R6V8,FBA80110,3,2
B0H2ZCQFTZ,FBA80109,4,2
B0H2ZMP3LX,FBA80288,0,0
B0H2ZPG58N,FBA80292,0,0
B0H2ZR4K77,FBA80289,0,0
B0H2ZT21NJ,FBA80286,0,0
B0H2ZVD5RS,FBA80283,0,0
B0H2ZX1W6F,FBA80282,0,0
B0H2ZX6LSV,FBA80285,0,0
B0H2ZZQDC9,FBA80290,0,0
B0H312FS95,FBA80284,0,0
B0H3LHF2WW,FBA80142,210,210
B0H44QP75W,FBA80265,0,0
B0H44XPFRC,FBA80266,0,0
B0H8XG2F43,FBA80268,0,0
B0H8XXYKBC,FBA80269,0,0
B0H8XZ9N1P,FBA80278,0,0
B0H8Y38KKY,FBA80274,0,0
B0H8Y4Z1KK,FBA80270,0,0
